0	0	5.31
0.1	0.245177821134185	5.27117554876256
0.2	0.480581176243106	5.1552699306487
0.3	0.696825276416813	4.96397805037352
0.4	0.885289151779101	4.70009719693057
0.5	1.03845934235143	4.36748613842794
0.6	1.15022943599215	3.97100869476087
0.7	1.21614351177876	3.51646261326586
0.8	1.23357378351352	3.01049478741793
0.9	1.20182536126678	2.46050405834036
1	1.12216395444557	1.87453302047464
1.1	0.997765411953756	1.26115041355191
1.2	0.833589111118175	0.629325820665319
1.3	0.636180242964869	-0.0117014952483407
1.4	0.413408876107402	-0.652557698494705
1.5	0.174156201946682	-1.28387145558483
1.6	-0.0720395304039766	-1.8964109736081
1.7	-0.315363274011313	-2.48121899808297
1.8	-0.546114479070177	-3.02974379619232
1.9	-0.75509382321241	-3.53396421001647
2	-0.933969959459514	-3.98650695109236
2.1	-1.07561166073561	-4.38075442108335
2.2	-1.17437211938705	-4.71094148188243
2.3	-1.22631406758406	-4.9722397600654
2.4	-1.22936674376431	-5.1608282528979
2.5	-1.18340844736178	-5.27394920341423
2.6	-1.09027139062424	-5.30994842749866
2.7	-0.953668654092844	-5.26829950326041
2.8	-0.779046157798231	-5.14961146897751
2.9	-0.573365549614517	-4.95561991704148
3	-0.344826666327294	-4.68916161413729
3.1	-0.102540632017072	-4.35413301879147
3.2	0.143833373705994	-3.9554333028922
3.3	0.384473196711861	-3.49889271038613
3.4	0.609785286640157	-2.99118730077293
3.5	0.810787161478858	-2.43974132411609
3.6	0.97946551077624	-1.85261865515411
3.7	1.10909566104113	-1.2384048740872
3.8	1.19450966725406	-0.606081718388958
3.9	1.2323023425268	0.0351042584473299
4	1.22096701215792	0.675776900605528
4.1	1.16095557999851	1.3065675588372
4.2	1.05466051247175	1.91825208958242
4.3	0.906319458486443	2.50188574096302
4.4	0.721846307747723	3.04893395319045
4.5	0.508595422636852	3.5513971606752
4.6	0.275068442991113	4.00192777083814
4.7	0.0305753525519888	4.39393760902569
4.8	-0.215136680707281	4.72169425834621
4.9	-0.452271893409805	4.98040488563613
5	-0.671376452948571	5.16628632775652
5.1	-0.863715351959192	5.27662041333808
5.2	-1.02162064549861	5.30979371099644
5.3	-1.13879714781237	5.26532112277402
5.4	-1.21057340152506	5.14385297779809
5.5	-1.23408791390422	4.94716552242326
5.6	-1.20840323554564	4.67813494592268
5.7	-1.13454333352278	4.34069532155389
5.8	-1.01545276905088	3.93978107803321
5.9	-0.855879307123447	3.48125484266686
6	-0.662184638104337	2.97182171129892
6.1	-0.442090757208468	2.41893119871941
6.2	-0.204372112920759	1.83066830332583
6.3	0.041494202575607	1.21563527901533
6.4	0.285706275157809	0.582825843174655
6.5	0.518528140147757	-0.0585063397576479
6.6	0.730677924500186	-0.698982975972436
6.7	0.913697885790317	-1.32923828244468
6.8	1.0602915957144	-1.94005594414114
6.9	1.16461482566097	-2.52250388553583
7	1.22250853766304	-3.06806488564982
7.1	1.23166469211726	-3.56876112661272
7.2	1.19171826203946	-4.01727085445385
7.3	1.1042617855386	-4.40703544617585
7.4	0.972781876347878	-4.73235531745275
7.5	0.802520223537898	-4.98847326848082
7.6	0.600264621914472	-5.17164404920327
7.7	0.374078364059871	-5.27918912664675
7.8	0.132978782302742	-5.30953585349863
7.9	-0.113422243865982	-5.26224046515744
8	-0.355301483096357	-5.13799456896723
8.1	-0.583015973414347	-4.9386150307427
8.2	-0.787487456685605	-4.66701740647616
8.3	-0.960564300119178	-4.32717330773805
8.4	-1.09534647614293	-3.92405232422322
8.5	-1.18646064472856	-3.46354935271782
8.6	-1.23027437150193	-2.95239839516608
8.7	-1.22504094143881	-2.39807408638019
8.8	-1.17096899488076	-1.80868239136816
8.9	-1.07021420970316	-1.19284207062819
9	-0.926793361240925	-0.559558646760131
9.1	-0.746424186131595	0.0819072846015637
9.2	-0.536297434198924	0.722175473825046
9.3	-0.304790195949164	1.35188318603593
9.4	-0.0611319344079932	1.96182211375155
9.5	0.184963464445049	2.54307303130073
9.6	0.423684953656637	3.0871362219584
9.7	0.645515460781117	3.5860557705397
9.8	0.841611303526086	4.03253590390516
9.9	1.00415475945752	4.42004767811266
10	1.12666573392297	4.7429244521145
10.1	1.20426010097623	4.9964447518738
10.2	1.23384441806607	5.17690131316616
10.3	1.21423925182883	5.28165529344383
10.4	1.14622619837472	5.30917486001405
10.5	1.03251672351735	5.25905759025144
10.6	0.87764406518827	5.13203635628259
10.7	0.687782507546142	4.92996860809029
10.8	0.470501231751362	4.65580921175226
10.9	0.23446255659915	4.31356724000464
11	-0.0109234007952874	3.9082473469881
11.1	-0.255873876670805	3.44577658446233
11.2	-0.490623468540164	2.93291772966592
11.3	-0.705813450970713	2.37717039224096
11.4	-0.892864878434203	1.78666134635021
11.5	-1.04432060079258	1.17002569167635
11.6	-1.15414255634158	0.536280581103024
11.7	-1.21795249027669	-0.105306638423438
11.8	-1.23320650189581	-0.745353943656709
11.9	-1.1992964618925	-1.37450182974114
12	-1.11757425655237	-1.98355017561295
12.1	-0.991297892313007	-2.56359277870884
12.2	-0.825501609328516	-3.10614759166172
12.3	-0.626795182201067	-3.60328075651338
12.4	-0.403100409125838	-4.04772262267349
12.5	-0.163335294795662	-4.43297405207781
12.6	0.082941482303693	-4.7534014570295
12.7	0.325911644240578	-5.00431918097162
12.8	0.555888737395258	-5.18205801752458
12.9	0.76370430079834	-5.28401886582483
13	0.941073383736878	-5.30871073755486
13.1	1.08092484059462	-5.25577255988232
13.2	1.17768323511344	-5.1259784554805
13.3	1.22749111544264	-4.92122642241994
13.4	1.22836279857135	-4.64451057946649
13.5	1.180263533244	-4.29987738264702
13.6	1.08511088538316	-3.89236645333432
13.7	0.946698290787505	-3.42793688313057
13.8	0.770543822817369	-2.91338009320401
13.9	0.563670204223148	-2.35622052234911
14	0.334324833350741	-1.76460559602355
14.1	0.0916509863956559	-1.14718658536046
14.2	-0.154676696165608	-0.512992098372099
14.3	-0.394837906961289	0.128703946698514
14.4	-0.619258176389491	0.768517935233285
14.5	-0.818990576507223	1.39709377420061
14.6	-0.986072406813832	2.00523970766492
14.7	-1.11384264199219	2.58406272917078
14.8	-1.19720748596804	3.12509862547019
14.9	-1.23284344548503	3.62043574994407
15	-1.219329827293	4.06283071576184
15.1	-1.15720537670458	4.44581431698072
15.2	-1.04894679951968	4.76378612868536
15.3	-0.898870023580969	5.01209640281609
15.4	-0.712958136350478	5.18711406211123
15.5	-0.498622858093195	5.28627979787814
15.6	-0.264409059979151	5.30814349513651
15.7	-0.0196541070347812	5.2523854378607
15.8	0.225884393134944	5.11982098423368
15.9	0.462417595369801	4.91238864354573
16	0.68051566732037	4.63312172909104
16.1	0.871483727106251	4.28610400158617
16.2	1.02770848081833	3.87640995174302
16.3	1.14296174052184	3.41003059525288
16.4	1.21264872245509	2.89378586529245
16.5	1.23399122655838	2.33522488364894
16.6	1.20613839454329	1.74251556881382
16.7	1.13020063092756	1.12432519532266
16.8	1.00920533471108	0.48969365093849
16.9	0.847976206531269	-0.152098754941777
17	0.652940942940721	-0.79166699860187
17.1	0.431874984429417	-1.41965858057328
17.2	0.193591533149243	-2.02689028859539
17.3	-0.0524098016441899	-2.60448248506455
17.4	-0.296321723034762	-3.14398895526622
17.5	-0.5284202324252	-3.63752041760168
17.6	-0.739452294675325	-4.07785988970047
17.7	-0.921004727413391	-4.45856822340348
17.8	-1.06583960806798	-4.77407826536326
17.9	-1.16818282700027	-5.01977626633723
18	-1.22395428303415	-5.19206934871411
18.1	-1.23093054421455	-5.2884380456859
18.2	-1.18883348902307	-5.30747314377748
18.3	-1.09934139420525	-5.24889628998032
18.4	-0.966022027172857	-5.11356406214899
18.5	-0.794190410375873	-4.90345544313861
18.6	-0.590696928129963	-4.6216428818506
18.7	-0.363654223411468	-4.27224736436551
18.8	-0.122113772382812	-3.860378152164
18.9	0.124294969398454	-3.39205806865296
19	0.365748462985252	-2.87413542654273
19.1	0.592620719538855	-2.31418388397385
19.2	0.795867058127267	-1.72039169381258
19.3	0.967384688611873	-1.10144196563788
19.4	1.10033574432045	-0.466385691366833
19.5	1.18941988621319	0.175490608716757
19.6	1.23108561067412	0.814800684099516
19.7	1.22367183675277	1.44219581054516
19.8	1.16747412821987	2.04850149784901
19.9	1.06473291037249	2.62485164974308
20	0.919544151347564	3.16281821411136
20.1	0.737696068797775	3.65453442762215
20.2	0.52643837191958	4.09280985255262
20.3	0.294193238425308	4.47123552360566
20.4	0.0502195488954595	4.78427766714183
20.5	-0.195756235571891	5.02735862235622
20.6	-0.433927836671523	5.19692378107842
20.7	-0.654800104261534	5.29049356732485
20.8	-0.849567558035849	5.30669969649912
20.9	-1.01046543423674	5.24530518401672
21	-1.13107924228268	5.10720781076509
21.1	-1.20660049026577	4.89442699472305
21.2	-1.23401838434999	4.61007426071799
21.3	-1.21223985962038	4.25830774014562
21.4	-1.14213315713179	3.84427136600967
21.5	-1.02649320987795	3.3740196524413
21.6	-0.869930217632924	2.8544291586581
21.7	-0.678685852834418	2.29309793203833
21.8	-0.460384424800469	1.69823440076883
21.9	-0.223728922576782	1.07853734080537
22	0.0218459457725909	0.44306867240661
22.1	0.266549885202887	-0.198879053644428
22.2	0.500627321856948	-0.837918542361995
22.3	0.714746327009435	-1.46470502633797
22.4	0.900370651616526	-2.07007291563513
22.5	1.05010003962756	-2.64516982754205
22.6	1.15796525284094	-3.18158603625347
22.7	1.21966604559422	-3.67147744951394
22.8	1.23274260198843	-4.10768031392017
22.9	1.1966736009856	-4.48381597152912
23	1.1128969998334	-4.79438413590104
23.1	0.984752707247399	-5.0348433235883
23.2	0.817349431790316	-5.2016772649084
23.3	0.617361013783044	-5.29244632286717
23.4	0.392760360351572	-5.30582316832541
23.5	0.152501590779881	-5.24161218972598
23.6	-0.0938369359696141	-5.10075235355005
23.7	-0.336434480201576	-4.8853034736737
23.8	-0.565619443388288	-4.59841609040989
23.9	-0.772254944282487	-4.24428539969914
24	-0.948103077539537	-3.82808990614909
24.1	-1.08615333300737	-3.35591569700813
24.2	-1.18090208264324	-2.83466744442633
24.3	-1.22857199279614	-2.27196743743007
24.4	-1.22726261457937	-1.67604412008065
24.5	-1.17702614877046	-1.05561176573995
24.6	-1.07986536473088	-0.419743046983186
24.7	-0.939653756311683	0.222263635411945
24.8	-0.761981117877247	0.861020124332498
24.9	-0.553930696843506	1.48718579071765
25	-0.323796806956018	2.09160412293602
25.1	-0.0807541601750984	2.66543662378758
25.2	0.165507900137514	3.20029205713376
25.3	0.405171682762017	3.68834915416441
25.4	0.628682548987988	4.12247098494931
25.5	0.827129825908309	4.49630932280278
25.6	0.992602046828775	4.80439747532608
25.7	1.11850235647907	5.0422302246456
25.8	1.19981150681483	5.20632970786919
25.9	1.23328795859805	5.29429627438122
26	1.21759711133716	5.3048435762826
26.1	1.15336450959714	5.23781737884326
26.2	1.04315090451166	5.09419781589902
26.3	0.891350164716345	4.87608505721195
26.4	0.704014106671881	4.58666859738238
26.5	0.488611227839402	4.23018061540542
26.6	0.25372896125485	3.81183408690175
26.7	0.008731321673106	3.33774655401687
26.8	-0.236614408150457	2.81485066771229
26.9	-0.472527068201014	2.25079281060194
27	-0.68960156518778	1.65382128278696
27.1	-0.879183823934096	1.03266568576331
27.2	-1.03371579804515	0.396409268189234
27.3	-1.14703678536698	-0.245643899781446
27.4	-1.21462903574012	-0.884104981270454
27.5	-1.23379785944187	-1.5096376670027
27.6	-1.20377905596197	-2.11309470151511
27.7	-1.12576938026535	-2.68565164480377
27.8	-1.00287883194826	-3.21893591339394
27.9	-0.84000666936855	-3.70514921384628
28	-0.643646091675458	-4.13718157833611
28.1	-0.421625375449955	-4.50871533474741
28.2	-0.182795786021074	-4.81431749091112
28.3	0.0633212945509992	-5.04951918204001
28.4	0.306913954931233	-5.21088101958862
28.5	0.538270924451341	-5.2960433859323
28.6	0.748168730825709	-5.30376093939895
28.7	0.928239410885015	-5.23392082508154
28.8	1.07130411486118	-5.08754432513174
28.9	1.17165930447346	-4.86677192440251
29	1.22530413500113	-4.5748320098267
29.1	1.2300999563371	-4.21599366124523
29.2	1.18585557421879	-3.79550422403161
29.3	1.09433487254004	-3.31951257639712
29.4	0.959186492866511	-2.79497921345027
29.5	0.78579837461041	-2.22957446286412
29.6	0.581082954888752	-1.63156632055906
29.7	0.353201591468981	-1.00969954659555
29.8	0.111239195189426	-0.373067789275672
29.9	-0.135157956766761	0.269019392599045
30	-0.376166787502246	0.90717266476002
30.1	-0.602179035482966	1.53206021907285
30.2	-0.804184305604813	2.13454423392497
30.3	-0.974129285212517	2.70581449792049
30.4	-1.10523880426153	3.23751724288324
30.5	-1.19228593996736	3.72187730222389
30.6	-1.23180039772255	4.15181180833218
30.7	-1.22220686079148	4.52103376638035
30.8	-1.16388779321744	4.82414398996311
30.9	-1.05916819218813	5.05671005418591
31	-0.912222897734806	5.21533111165895
31.1	-0.728910155034605	5.29768762358334
31.2	-0.516538064662181	5.30257527870434
31.3	-0.283573231681806	5.22992260413009
31.4	-0.0393032288213502	5.08079201049006
31.5	0.206533669743694	4.85736425614991
31.6	0.44413672265075	4.56290655766462
31.7	0.664033445980195	4.2017248127955
31.8	0.857457251297117	3.77910063474088
31.9	1.01669694186766	3.3012141183379
32	1.13540413373866	2.77505346763675
32.1	1.20884634577244	2.20831280637603
32.2	1.23409566873551	1.60927966569228
32.3	1.21014549180018	0.986713794346358
32.4	1.13795063294172	0.349719063643067
32.5	1.02038927335874	-0.292389659803429
32.6	0.8621482134715	-0.930222726719127
32.7	0.669536024979168	-1.5544530113774
32.8	0.450231548014023	-2.15595230351548
32.9	0.212977760017384	-2.72592479148099
33	-0.0327667791809774	-3.25603568466545
33.1	-0.277205010294944	-3.73853309435965
33.2	-0.510591952419447	-4.16636139075007
33.3	-0.723623204667066	-4.53326437842007
33.4	-0.907805883269668	-4.83387678160552
33.5	-1.05579720605345	-5.06380270140298
33.6	-1.16169722599262	-5.21967989763862
33.7	-1.22128404347905	-5.29922895539557
33.8	-1.23218212013664	-5.30128661722981
33.9	-1.19395698403991	-5.22582279365302
34	-1.10813255073865	-5.07394100313548
34.1	-0.978130369553923	-4.84786223519501
34.2	-0.809133217203949	-4.55089247254413
34.3	-0.607878476851573	-4.1873743472239
34.4	-0.382389539898602	-3.76262363766391
34.5	-0.141655938689831	-3.28285153528078
34.6	0.104725037773339	-2.75507381732279
34.7	0.346930957459454	-2.18700825413835
34.8	0.575305834675605	-1.58696175109755
34.9	0.78074508374577	-0.963708875506436
35	0.955058490110591	-0.326363544832731
35.1	1.09129672833605	0.315754247434962
35.2	1.18402840978872	0.953254719407871
35.3	1.22955661496082	1.57681560894371
35.4	1.22606627798471	2.17731849444191
35.5	1.17369654758122	2.74598213484943
35.6	1.07453523963931	3.27449087902593
35.7	0.932535602585008	3.75511626672026
35.8	0.753358713841907	4.18083004296894
35.9	0.544147790538842	4.54540693329095
36	0.313243411984629	4.84351567678215
36.1	0.0698510070913368	5.0707969859189
36.2	-0.176326137027088	5.22392729305388
36.3	-0.415473714491544	5.30066735142913
36.4	-0.63805766606233	5.29989498000722
36.5	-0.835204271994626	5.22162147328782
36.6	-0.999053919241987	5.06699143614657
36.7	-1.12307443942612	4.83826604611146
36.8	-1.20232152577667	4.53878998783491
36.9	-1.23363584703948	4.17294254328358
37	-1.21576900004386	3.74607355286089
37.1	-1.14943327959743	3.26442518391282
37.2	-1.03727328153992	2.73504065060652
37.3	-0.883760471052528	2.165661219985
37.4	-0.695014919451726	1.56461301029305
37.5	-0.478561316258778	0.940685236938692
37.6	-0.243028983574155	0.30300168651793
37.7	0.0021921477632639	-0.339112701644104
37.8	0.247325885087084	-0.976268195437408
37.9	0.482599519854428	-1.59914757738566
38	0.698633434696044	-2.19864239167309
38.1	0.886815039161621	-2.7659861384185
38.2	1.03964212652251	-3.2928824674786
38.3	1.15102196307939	-3.77162649718307
38.4	1.21651418622814	-4.19521748393999
38.5	1.23350782770448	-4.5574611951279
38.6	1.20132540464929	-4.85306048826055
38.7	1.12124992871227	-5.077692771872
38.8	0.996473756426248	-5.22807321540048
38.9	0.831971320026289	-5.30200278374364
39	0.634300812534217	-5.29840039406863
39.1	0.411342733298356	-5.21731872464375
39.2	0.171985717352946	-5.05994344451637
39.3	-0.0742278264110098	-4.82857587530205
39.4	-0.31748214097541	-4.52659933862373
39.5	-0.548079444451936	-4.15842968130745
39.6	-0.756826550042882	-3.72945070181181
39.7	-0.935401369387904	-3.24593542215987
39.8	-1.07668468796515	-2.71495435662562
39.9	-1.17504398570823	-2.1442721185751
40	-1.22655798780684	-1.54223387739565
40.1	-1.22917299355915	-0.917643325869766
40.2	-1.18278475093795	-0.279633942495076
40.3	-1.08924261278996	0.362464568700606
40.4	-0.952275808973876	0.999262707778467
40.5	-0.777344773734103	1.62144848291217
40.6	-0.571423455418826	2.21992358099931
40.7	-0.342721287166987	2.78593641361701
40.8	-0.100355902715364	3.31121009277291
40.9	0.146010354886158	3.78806346504227
41	0.38655564040067	4.20952343419188
41.1	0.611690172379288	4.56942692978083
41.2	0.812438547485106	4.86251103063594
41.3	0.980797561500784	5.08448992531387
41.4	1.11005527182511	5.23211758414525
41.5	1.19505858144374	5.30323522639877
41.6	1.23241867664564	5.2968028884459
41.7	1.22064612833172	5.21291463130027
41.8	1.16021027085281	5.0527971651498
41.9	1.05352049113022	4.81879191099518
42	0.90483017400245	4.51432076170995
42.1	0.720067133193918	4.14383604320318
42.2	0.506597288088182	3.71275540741005
42.3	0.272931007766558	3.22738260917943
42.4	0.0283838294488815	2.69481532554973
42.5	-0.217294922578551	2.12284136538493
42.6	-0.454310811756575	1.51982478711267
42.7	-0.673214762530535	0.894583589881199
42.8	-0.865279765174435	0.256260766674906
42.9	-1.02284879412903	-0.385809395002135
43	-1.13964006944771	-1.02223780977021
43.1	-1.21099749153973	-1.6437178923355
43.2	-1.23407626516762	-2.24116164904046
43.3	-1.20795631245614	-2.80583257291744
43.4	-1.1336789534936	-3.32947339890077
43.5	-1.0142053921861	-3.80442685101515
43.6	-0.854298662402318	-4.22374761583629
43.7	-0.660333740843881	-4.58130390481928
43.8	-0.440043396841617	-4.87186712033464
43.9	-0.202209911244517	-5.09118831421207
44	0.0436850454036106	-5.23606032072762
44.1	0.287838417147646	-5.30436465545473
44.2	0.520516579526655	-5.29510249417006
44.3	0.732443388464988	-5.20840927880547
44.4	0.915169990863992	-5.045552736861
44.5	1.06141165371315	-4.80891434324114
44.6	1.16533818340694	-4.50195449560086
44.7	1.22280635716558	-4.12916191244735
44.8	1.23152510025263	-3.69598799395625
44.9	1.1911468238948	-3.20876710535385
45	1.10328128254945	-2.67462394857294
45.1	0.971431398074267	-2.10136937669974
45.2	0.800853609286909	-1.49738617473332
45.3	0.598348314336988	-0.871506476900772
45.4	0.371988760291746	-0.23288261307367
45.5	0.130799188252103	0.409146727083084
45.6	-0.115604934662461	1.04519305512892
45.7	-0.3574002536445	1.66595537307962
45.8	-0.584947152355452	2.2623561832541
45.9	-0.789174054009474	2.82567422984347
46	-0.961939076512864	3.34767203110343
46.1	-1.09635462360999	3.82071633724837
46.2	-1.18706197161087	4.23788975257314
46.3	-1.23044490479429	4.59309188953692
46.4	-1.224773882517	4.88112857561768
46.5	-1.17027499054124	5.09778780845258
46.6	-1.06912092770889	5.23990134856129
46.7	-0.925344387294969	5.30539104897274
46.8	-0.744677286252669	5.29329924427068
46.9	-0.534322251772543	5.20380275467433
47	-0.302665475265632	5.0382103003706
47.1	-0.0589423813760031	4.79894336390841
47.2	0.187130559255647	4.48950078050712
47.3	0.425743195014402	4.11440757408013
47.4	0.647382793098275	3.67914878715189
47.5	0.843213282155847	3.19008927228317
47.6	1.00542751856726	2.65438061790604
47.7	1.12755853262341	2.07985656960591
47.8	1.20473734620057	1.47491847612026
47.9	1.23388708355325	0.848412435193813
48	1.21384563664053	0.209499935804345
48.1	1.14541199470635	-0.432476111623533
48.2	1.0313143910998	-1.06812799795646
48.3	0.876101537220861	-1.68816049318883
48.4	0.685961279751198	-2.28350677194331
48.5	0.468473910733865	-2.84546099897732
48.6	0.232309965250471	-3.36580563587851
48.7	-0.013115445450971	-3.83693160732401
48.8	-0.258017984730464	-4.25194956969608
48.9	-0.492634161181588	-4.60479065495602
49	-0.707610568223381	-4.89029521658432
49.1	-0.894376774904397	-5.10428827984241
49.2	-1.0454870019391	-5.24364059303551
49.3	-1.1549169614315	-5.30631438701543
49.4	-1.21830402622286	-5.29139317377532
49.5	-1.23312115406938	-5.19909514838706
49.6	-1.19877763284198	-5.03076999830299
49.7	-1.11664263035475	-4.78887916667999
49.8	-0.989990609964867	-4.47695985833805
49.9	-0.823870788051707	-4.09957331469969
50	-0.624905837693553	-3.66223811409304
50.1	-0.401027863590967	-3.17134947277815
50.2	-0.161162174083597	-2.63408572676913
50.3	0.0851285427278365	-2.05830336198264
50.4	0.328025453179362	-1.45242212770118
50.5	0.557845023956802	-0.825301913354519
50.6	0.765425074010841	-0.186113189067707
50.7	0.942490041802581	0.455797095457788
50.8	1.08198090582697	1.0910421927491
50.9	1.17833660552422	1.71033282133593
51	1.22771574321541	2.30461300426486
51.1	1.22814972850566	2.86519249596764
51.2	1.17962125977098	3.38387386098665
51.3	1.08406501391938	3.85307234626574
51.4	0.945290516927785	4.26592679409777
51.5	0.768830270063003	4.6163999738319
51.6	0.561719186515039	4.8993668651756
51.7	0.332214131608105	5.11068960211204
51.8	0.0894647476362701	5.24727798151669
51.9	-0.156851313501486	5.30713465164727
52	-0.396914207742879	5.28938431970876
52.1	-0.621153385056762	5.19428655138737
52.2	-0.820629137071303	5.02323197518363
52.3	-0.987388995035805	4.77872194704962
52.4	-1.11478476965438	4.46433197269696
52.5	-1.19773759341361	4.08465942245665
52.6	-1.23294039900298	3.64525630326394
52.7	-1.21898976165252	3.1525480708531
52.8	-1.15644184924961	2.61373966938369
52.9	-1.04779024968041	2.03671017249382
53	-0.89736655934978	1.42989756646018
53.1	-0.711167696101824	0.802175360297135
53.2	-0.496616821029716	0.162722827143538
53.3	-0.262267400468156	-0.479109225583488
53.4	-0.0174622062825721	-1.11393519440616
53.5	0.22803915096232	-1.73247192683082
53.6	0.464449306877481	-2.32567447023716
53.7	0.682343334581997	-2.88486833753658
53.8	0.873034486795636	-3.40187635545861
53.9	1.02892050904037	-3.86913824054507
54	1.14378671753609	-4.27982115427529
54.1	1.21305375903135	-4.62791962065736
54.2	1.23396017516653	-4.90834334517774
54.3	1.20567249310434	-5.11699165091789
54.4	1.12931845346163	-5.25081344334978
54.5	1.00794205084988	-5.30785182693488
54.6	0.846382179415823	-5.28727272109235
54.7	0.651079721401866	-5.18937705708066
54.8	0.429820769496487	-5.0155963774361
54.9	0.191426219889157	-4.7684719023179
55	-0.0545998890247861	-4.45161736887633
55.1	-0.298449272663207	-4.06966618704845
55.2	-0.530400425611705	-3.62820368453066
55.3	-0.741206187366396	-3.1336854317192
55.4	-0.922462397442169	-2.59334284096533
55.5	-1.06694294273035	-2.01507742058013
55.6	-1.16888783982502	-1.40734522992947
55.7	-1.22423286738476	-0.779033225247307
55.8	-1.23077159381208	-0.139329304382036
55.9	-1.18824334071847	0.502412049170138
56	-1.09834357534911	1.13680655823866
56.1	-0.964656317654171	1.75457737962856
56.2	-0.792511256723396	2.34669076074821
56.3	-0.588771272900948	2.90448814148737
56.4	-0.361558836403132	3.41981276960177
56.5	-0.119932190062809	3.88512897808728
56.6	0.126475774227389	4.29363238033516
56.7	0.367841548516544	4.63934937166715
56.8	0.594542641057475	4.91722448222557
56.9	0.797541194687242	5.12319430384474
57	0.968744297671605	5.25424690985959
57.1	1.1013266225572	5.30846589894738
57.2	1.19000253043859	5.28505841894317
57.3	1.23123679270152	5.18436676083225
57.4	1.22338552943183	5.00786335337938
57.5	1.16676174571997	4.75812923158862
57.6	1.06362285313587	4.43881629385317
57.7	0.918080673853236	4.05459389971371
57.8	0.735937515275176	3.6110805891347
57.9	0.524454850348221	3.11476192177697
58	0.292063825550865	2.57289563771563
58.1	0.0480291376895126	1.99340552645071
58.2	-0.19792032032683	1.38476555618078
58.3	-0.435979319745429	0.755875957733431
58.4	-0.65665719949808	0.115933075194645
58.5	-0.851156228908364	-0.525705113568059
58.6	-1.01172234545086	-1.15965583997785
58.7	-1.13195428475473	-1.77664875033813
58.8	-1.20705877881373	-2.36766146756344
58.9	-1.23404164845568	-2.92405152671177
59	-1.2118271718173	-3.43768275500722
59.1	-1.14130096998036	-3.90104424827754
59.2	-1.02527470005377	-4.30736020399896
59.3	-0.868373963277452	-4.65068900484199
59.4	-0.676853896897764	-4.9260101038059
59.5	-0.458349801584747	-5.12929744040812
59.6	-0.221572746089003	-5.25757831435214
59.7	0.0240377155800921	-5.30897685575661
59.8	0.268689869384407	-5.28274145627332
59.9	0.50263020599628	-5.1792557599655
60	0.716532262436417	-5.00003305322494
60.1	0.901868438721511	-4.74769413576478
60.2	1.05124996636523	-4.42592899628416
60.3	1.15872147526106	-4.0394428532267
60.4	1.2199984154953	-3.59388734968651
60.5	1.23263786883137	-3.09577790860936
60.6	1.19613594015087	-2.55239845681481
60.7	1.11194784616178	-1.97169491107482
60.8	0.983429900500561	-1.36215898381683
60.9	0.815705708098895	-0.732704007577806
61	0.61546190322354	-0.0925345940454172
61.1	0.390681574469025	0.548987966317139
61.2	0.150326004207416	1.18248259578394
61.3	-0.0960225894608048	1.79868561023036
61.4	-0.338543065504027	2.38858618333377
61.5	-0.567566897860025	2.94355811319747
61.6	-0.773963629059246	3.45548596455631
61.7	-0.949504872751358	3.91688374196697
61.8	-1.08719235350277	4.3210043586082
61.9	-1.18153690595388	4.66193829991329
62	-1.22877731051994	4.93470003926094
62.1	-1.22703024134659	5.13530094205656
62.2	-1.1763653485686	5.26080759211603
62.3	-1.0788024815787	5.30938468743742
62.4	-0.938231164006355	5.28032187808904
62.5	-0.760255530684721	5.17404415375992
62.6	-0.551970908479747	4.99210562907376
62.7	-0.32168094799863	4.73716681754462
62.8	-0.0785665832437236	4.4129557265008
62.9	0.167679983253919	4.02421334189149
63	0.407241677964014	3.57662430015922
63.1	0.630567932099113	3.07673376097459
63.2	0.828755432653585	2.53185169641386
63.3	0.993903069397174	1.94994599617411
63.4	1.1194269272064	1.33952595196286
63.5	1.20032276598386	0.70951782488794
63.6	1.23336552391906	0.06913431544215
63.7	1.21723789052559	-0.572260155155625
63.8	1.15258282365315	-1.20528638225473
63.9	1.04197791678709	-1.82068753124657
64	0.889832638530187	-2.40946450160349
64.1	0.702212541004368	-2.96300752203543
64.2	0.486597445428523	-3.47322205242767
64.3	0.251583245250446	-3.93264715147862
64.4	0.00653921500107221	-4.33456457912969
64.5	-0.238765513114674	-4.67309703836719
64.6	-0.474551413690686	-4.94329411979154
64.7	-0.691418446936437	-5.14120469217401
64.8	-0.880720808599941	-5.26393468042358
64.9	-1.03491161089979	-5.30968938606779
65	-1.14784375312548	-5.27779973138984
65.1	-1.21501498714449	-5.16873204344926
65.2	-1.23374740782757	-4.98408123491348
65.3	-1.20329421267565	-4.72654748141785
65.4	-1.12486947447881	-4.39989673650461
65.5	-1.0015997400654	-4.00890566153634
65.6	-0.838399384746351	-3.5592917758819
65.7	-0.641774691679719	-3.05762984879901
65.8	-0.419564466892939	-2.51125575562686
65.9	-0.180627530823374	-1.928159204214
66	0.0655104548969505	-1.31686690025807
66.1	0.309036745510729	-0.686317860047803
66.2	0.54024271630284	-0.0457326939276304
66.3	0.749910914830464	0.595521228028907
66.4	0.92968253166453	1.22806675643423
66.5	1.07239063974399	1.84265408600653
66.6	1.17234591714122	2.43029601681807
66.7	1.2255634623735	2.98239937542724
66.8	1.22992165985011	3.49089067410357
66.9	1.18524676199072	3.94833417061344
67	1.09331981599322	4.3480406021605
67.1	0.957805659102267	4.68416500344882
67.2	0.784106813113449	4.9517921784605
67.3	0.579148102877905	5.14700857608216
67.4	0.351100585388139	5.26695951853213
67.5	0.109055795520948	5.30989094572907
67.6	-0.137336704768199	5.2751750651676
67.7	-0.378254024029273	5.16331953221949
67.8	-0.604091549001929	4.97596002661525
67.9	-0.805845850236994	4.71583633366156
68	-0.975473620416717	4.38675227996215
68.1	-1.10621233563545	3.9935201095079
68.2	-1.1928498558873	3.54189011353295
68.3	-1.2319322166403	3.03846654316965
68.4	-1.22190132750278	2.4906110345231
68.5	-1.16315708837034	1.90633495839597
68.6	-1.05804144667903	1.29418226884714
68.7	-0.910745031351462	0.663104563709076
68.8	-0.727140085646079	0.0223301840705047
68.9	-0.51454635934919	-0.618770733098299
69	-0.281439293450013	-1.25082327582095
69.1	-0.037112131054033	-1.86458484781715
69.2	0.208694574893004	-2.45108032433237
69.3	0.446181286712836	-3.0017332966927
69.4	0.665880158637931	-3.50849148637691
69.5	0.859032489944454	-3.96394449465625
69.6	1.01793790671068	-4.36143216593344
69.7	1.13626135142518	-4.69514198016673
69.8	1.2092856417384	-4.9601940501959
69.9	1.23409952963702	-5.1527124810424
70	1.20971376371529	-5.2698820476852
70.1	1.13710052750676	-5.30998936250601
70.2	1.01915468159475	-5.27244793040557
70.3	0.860578354656142	-5.15780672520686
70.4	0.66769348442941	-4.96774216193093
70.5	0.448189782007139	-4.70503358233637
70.6	0.210818167320889	-4.37352261220022
70.7	-0.0349581024212804	-3.97805698466546
70.8	-0.279340702936551	-3.52441965113417
70.9	-0.512586871136337	-3.0192442163276
71	-0.725397818345296	-2.46991793411969
71.1	-0.909289443662021	-1.88447368264862
71.2	-1.05693056828873	-1.27147249837136
71.3	-1.16243520649503	-0.639878386782403
71.4	-1.22159722129481	0.00107275954317395
71.5	-1.2320580098545	0.642008218749816
71.6	-1.19340053354518	1.27355549837722
71.7	-1.10716594395657	1.88647939068081
71.8	-0.976792142046596	2.47181702041787
71.9	-0.807476719879055	3.02100891027664
72	-0.605969749030101	3.52602414735759
72.1	-0.380304676535442	3.97947782038159
72.2	-0.139478056708089	4.37473901032174
72.3	0.106909113091722	4.7060277552966
72.4	0.349034153923816	4.96849957179407
72.5	0.577244304479899	5.15831629625824
72.6	0.782441546216112	5.27270221111361
72.7	0.956445312641795	5.30998463448692
72.8	1.09231862269015	5.26961838007748
72.9	1.1846446362626	5.15219372949582
73	1.22974260654958	4.95942780048982
73.1	1.22581461979064	4.69413943728206
73.2	1.17301727242236	4.36020799020063
73.3	1.07345542807267	3.96251658737512
73.4	0.931098303290197	3.50688072804331
73.5	0.751621227406171	2.99996324166018
73.6	0.542179385063406	2.44917685637311
73.7	0.311122561584119	1.86257580162002
73.8	0.0676622633785238	1.24873802996085
73.9	-0.178495515747388	0.616639780428553
74	-0.41753724193559	-0.0244756823187006
74.1	-0.639933075902782	-0.665233233602871
74.2	-0.836816797559357	-1.29626298253701
74.3	-1.00033927422532	-1.90833728930293
74.4	-1.12398138078107	-2.49250570227114
74.5	-1.20281389661342	-3.04022584175647
74.6	-1.23369401808653	-3.54348831647944
74.7	-1.21539065220514	-3.99493384605987
74.8	-1.14863349640733	-4.38796087684434
74.9	-1.03608394783035	-4.71682211738598
75	-0.882229001805352	-4.97670858192301
75.1	-0.693202369512988	-5.16381991287745
75.2	-0.476539946274686	-5.27541995403664
75.3	-0.240879379187206	-5.30987676176362
75.4	0.00438428860966578	-5.26668646914638
75.5	0.249473168655058	-5.146480654117
75.6	0.484616340724283	-4.95101710379568
75.7	0.700439388584159	-4.68315411011385
75.8	0.888338128385465	-4.3468086725957
75.9	1.04082163032114	-3.94689921950399
76	1.15181085835847	-3.48927368494841
76.1	1.21688102222241	-2.98062399369402
76.2	1.23343797982047	-2.42838820417203
76.3	1.20082165750171	-1.84064174066952
76.4	1.12033236511023	-1.22597930522486
76.5	0.995178956735028	-0.593389196050031
76.6	0.830350903823609	0.0478781296622276
76.7	0.632419380700519	0.688445326519416
76.8	0.40927529258369	1.31894528721491
76.9	0.169814690094388	1.93015811910132
77	-0.0764158882077003	2.51314596802133
77.1	-0.319600006191228	3.05938371784981
77.2	-0.550042680484086	3.56088365450688
77.3	-0.758556888866063	4.01031227146268
77.4	-0.936829827853664	4.40109750867086
77.5	-1.07775431794219	4.72752485675779
77.6	-1.17571214442479	4.98482092112538
77.7	-1.22679803788341	5.16922322399408
77.8	-1.22897536495668	5.278035223663
77.9	-1.18215732248516	5.30966574643151
78	-1.08821039807932	5.26365225456371
78.1	-0.950879959148555	5.14066761004501
78.2	-0.775640936921743	4.94251023522344
78.3	-0.569479558216405	4.67207781421811
78.4	-0.340614826621614	4.33332491966259
78.5	-0.0981708567616945	3.9312051844143
78.6	0.148186875361261	3.47159886386032
78.7	0.388636864394323	2.96122684808748
78.8	0.613593128058496	2.40755238132918
78.9	0.814087370012092	1.81867192585876
79	0.982126517524533	1.20319676624438
79.1	1.11101138006272	0.570127085281639
79.2	1.19560372487698	-0.071279646988841
79.3	1.23253112212611	-0.711644046611886
79.4	1.22032139301294	-1.34160197181463
79.5	1.1594613009072	-1.95194145621325
79.6	1.05237714562601	-2.53373741673801
79.7	0.90333803451681	-3.07848216642117
79.8	0.718285686619465	-3.57820982354098
79.9	0.504597555078132	-4.02561279786936
80	0.27079271136553	-4.41414865062644
80.1	0.0261922167866013	-4.73813576551495
80.2	-0.219452478821324	-4.99283643182172
80.3	-0.456348296620952	-5.17452612465059
80.4	-0.67505094792466	-5.28054796919196
80.5	-0.866841448181034	-5.3093515925895
80.6	-1.02407371537481	-5.26051579526806
80.7	-1.14047939518809	-5.13475471019627
80.8	-1.21141776050606	-4.93390736001632
80.9	-1.23406072256247	-4.6609107647482
81	-1.20750557791411	-4.31975699331895
81.1	-1.13281099637852	-3.91543478695758
81.2	-1.01295481520913	-3.45385660810667
81.3	-0.852715322121133	-2.94177218162397
81.4	-0.658480760038946	-2.38666979257355
81.5	-0.437994648010235	-1.79666678394443
81.6	-0.200047071537396	-1.18039085556271
81.7	0.0458757503926341	-0.546853899982073
81.8	0.289969650923777	0.0946797797317671
81.9	0.52250337652477	0.734828943253077
82	0.734206541358442	1.36423259623752
82.1	0.916639208310877	1.97368687750477
82.2	1.06252836265027	2.55427964843926
82.3	1.16605786417293	3.09752081648947
82.4	1.22310031835939	3.59546648702683
82.5	1.23138162256911	4.04083512807208
82.6	1.19057162733642	4.42711404919701
82.7	1.10229729838785	4.74865463754405
82.8	0.970077854652843	5.00075495831329
82.9	0.799184468110499	5.17972851183988
83	0.596430118797041	5.28295814181424
83.1	0.369897982791227	5.30893430633992
83.2	0.128619181492078	5.25727715218414
83.3	-0.117787260691828	5.12874206942698
83.4	-0.35949789649118	4.92520864528229
83.5	-0.58687648561861	4.6496531786205
83.6	-0.790858161260275	4.30610515711714
83.7	-0.963310817709764	3.89958833346844
83.8	-1.09735931176022	3.43604726232494
83.9	-1.18765955296836	2.92226037220373
84	-1.23061155567609	2.36574084354258
84.1	-1.22450295907835	1.77462674236898
84.2	-1.1695772936447	1.15756201617695
84.3	-1.06802427232801	0.523570092225525
84.4	-0.923892493619077	-0.118078073351203
84.5	-0.742928036700932	-0.757999566083701
84.6	-0.532345383404515	-1.38683672089107
84.7	-0.300539799584731	-1.99539396057817
84.8	-0.0567526423637168	-2.57477226409873
84.9	0.189297063615053	-3.11649929823518
85	0.427800093028885	-3.6126533097592
85.1	0.649248082734917	-4.05597896638208
85.2	0.844812600203138	-4.43999345253406
85.3	1.00669710526156	-4.75908126851935
85.4	1.12844777354964	-5.00857634678541
85.5	1.20521079012915	-5.18483028450728
85.6	1.2339258557688	-5.28526569471306
85.7	1.21344819141716	-5.30841389578841
85.8	1.14459417693092	-5.25393638822151
85.9	1.03010880458622	-5.12262980453064
86	0.874556244899004	-4.91641425999104
86.1	0.684137887549488	-4.63830527450983
86.2	0.466445111545292	-4.2923696762396
86.3	0.230156640896484	-3.88366613175925
86.4	-0.0153074487236202	-3.41817117245583
86.5	-0.260161278668527	-2.90269179883751
86.6	-0.494643299419311	-2.34476594077426
86.7	-0.709405452759474	-1.75255222925302
86.8	-0.895885849356448	-1.13471069153008
86.9	-1.04665010427088	-0.500276114292224
87	-1.15568772242342	0.141474073342769
87.1	-1.21865171806644	0.781155465022259
87.2	-1.23303191538804	1.40941390669783
87.3	-1.19825502130034	2.01706228378049
87.4	-1.11570748082576	2.59521486565437
87.5	-0.98868020390922	3.13541724300755
87.6	-0.822237367223629	3.62976995788987
87.7	-0.623014521426863	4.07104401863543
87.8	-0.398954052696848	4.4527866104593
87.9	-0.158988544858093	4.76941545590712
88	0.087315334546754	5.01630044531009
88.1	0.330138227102694	5.18983134355253
88.2	0.559799550355503	5.28747058306494
88.3	0.767143432085242	5.30779037104379
88.4	0.94390372603886	5.25049356827342
88.5	1.08303355709574	5.11641803423606
88.6	1.17898625794124	4.90752437497062
88.7	1.22793649718892	4.62686727284543
88.8	1.22793278327136	4.27855081749364
88.9	1.17897526425074	3.86766849111331
89	1.08301572191605	3.40022868573649
89.1	0.943879760402308	2.88306684163819
89.2	0.767114291426132	2.32374549169899
89.3	0.559766396419953	1.73044367338671
89.4	0.330102381633492	1.11183732550128
89.5	0.0872782265896391	0.476972418660025
89.6	-0.159025435925971	-0.164867325247089
89.7	-0.398989256145029	-0.804296190273033
89.8	-0.623046633804959	-1.43196371510308
89.9	-0.822265108312462	-2.03869142621177
90	-0.98870246775912	-2.6156070560151
90.1	-1.11572337984728	-3.15427428333167
90.2	-1.19826392164968	-3.64681609893353
90.3	-1.23303346223636	-4.08602999219826
90.4	-1.21864584974577	-4.46549327446988
90.5	-1.15567467288518	-4.77965699896904
90.6	-1.04663039375899	-5.02392710384932
90.7	-0.895860263666812	-5.19473159183175
90.8	-0.7093750119128	-5.28957276404066
90.9	-0.494609216996094	-5.3070637442178
91	-0.260124913427426	-5.24694875921552
91.1	-0.0152702504320416	-5.11010687920477
91.2	0.230193189260041	-4.89853916290406
91.3	0.466479552912907	-4.61533939580682
91.4	0.684168848852521	-4.26464884930589
91.5	0.874582491808007	-3.85159572227969
91.6	1.03012929071976	-3.38222015069387
91.7	1.1446080855715	-2.86338588181419
91.8	1.21345496807117	-2.30267990463233
91.9	1.23392523027243	-1.70830150422147
92	1.20520278741897	-1.08894236239843
92.1	1.12843271266844	-0.453659457995623
92.2	1.00667558663915	0.188257374657868
92.3	0.844785481719093	0.827421292334827
92.4	0.649216445517617	1.45448570808453
92.5	0.427765198354346	2.0602809677328
92.6	0.189260302623833	2.63594843906954
92.7	-0.0567898041269047	3.17307005291592
92.8	-0.300575880597658	3.66379140177451
92.9	-0.532378945231058	4.10093659597314
93	-0.742957741336975	4.47811319774303
93.1	-0.923917156834521	4.78980569876659
93.2	-1.06804291087828	5.03145617425777
93.3	-1.16958916446962	5.19953093415916
93.4	-1.22450758892559	5.29157219680606
93.5	-1.23060875996825	5.30623402942495
93.6	-1.18764944316149	5.24330202990456
93.7	-1.09734229090041	5.1036964620289
93.8	-0.963287564364991	4.88945879832624
93.9	-0.790829602468011	4.6037218673192
94	-0.586843759927781	4.25066404171766
94.1	-0.359462308571807	3.83544813746664
94.2	-0.117750229321952	3.36414591713768
94.3	0.128656179988599	2.84364930166168
94.4	0.369933473401092	2.28156958876612
94.5	0.596462686621633	1.68612615186165
94.6	0.799212814773423	1.06602624694846
94.7	0.970100850062103	0.430337685145382
94.8	1.10231402578904	-0.211643767231093
94.9	1.19058141986085	-0.85053032201044
95	1.23138408981973	-1.47697944815964
95.1	1.2230953619747	-2.08183048897401
95.2	1.16604568174835	-2.65623861969294
95.3	1.06250943986063	-3.1918041866584
95.4	0.916614299548072	-3.68069553667313
95.5	0.734176639656247	-4.11576354040402
95.6	0.522469673969693	-4.49064613514086
95.7	0.289933491130333	-4.7998613581646
95.8	0.0458385749376793	-5.03888751028567
95.9	-0.200083780585786	-5.20422927730919
96	-0.438029427178143	-5.29346884252278
96.1	-0.658512222790701	-5.30530124278216
96.2	-0.852742214136108	-5.23955345117702
96.3	-1.01297606438755	-5.09718690722869
96.4	-1.1328257555827	-4.88028345762016
96.5	-1.20751325874115	-4.59201491304921
96.6	-1.23406101880203	-4.23659666637912
96.7	-1.21141066034802	-3.81922605033552
96.8	-1.14046518169333	-3.34600633615412
96.9	-1.02405295519052	-2.82385748455715
97	-0.866814968950246	-2.26041495416157
97.1	-0.675019805290747	-1.66391804705624
97.2	-0.456313732142451	-1.04308942428943
97.3	-0.219415870474919	-0.407007553127366
97.4	0.0262294095416638	0.235026048693784
97.5	0.270829005771474	0.873622830414278
97.6	0.504631504191526	1.49944449839491
97.7	0.718315936996291	2.10333957134316
97.8	0.903363380170005	2.67647720375522
97.9	1.05239657610436	3.21047632065499
98	1.15947404157885	3.69752817527213
98.1	1.22032693594753	4.13051053748253
98.2	1.23252924634431	4.5030918432153
98.3	1.1955945051603	4.80982378183519
98.4	1.11099518397218	5.04622096758183
98.5	0.982103990747136	5.20882653001801
98.6	0.814059410619373	5.29526266434912
98.7	0.613560850703211	5.30426540240852
98.8	0.38860155587277	5.23570309584787
98.9	0.148149943312771	5.09057834125012
99	-0.0982079399728923	4.87101331901389
99.1	-0.340650582604913	4.58021876040065
99.2	-0.569512561493585	4.22244699654445
99.3	-0.775669871756291	3.80292977599525
99.4	-0.950903671999927	3.32780176009854
99.5	-1.08822794359096	2.80401081495035
99.6	-1.18216800117289	2.23921641174029
99.7	-1.22897875109492	1.64167762119016
99.8	-1.22679399647751	1.02013233996158
99.9	-1.17570083659285	0.383669515121411
100	-1.07773619449179	-0.258403764852817
