0.0	5.31	2.655
0.245177821134185	5.27117554876256	2.7581766849483724
0.480581176243106	5.1552699306487	2.817925553445903
0.696825276416813	4.96397805037352	2.8304016633951665
0.885289151779101	4.70009719693057	2.7926931743548353
1.03845934235143	4.36748613842794	2.7029727403896846
1.15022943599215	3.97100869476087	2.56061906537651
1.21614351177876	3.51646261326586	2.3663030625223103
1.23357378351352	3.01049478741793	2.122034285465725
1.20182536126678	2.46050405834036	1.83116470980357
1.12216395444557	1.87453302047464	1.498348487460105
0.997765411953756	1.26115041355191	1.129457912752833
0.833589111118175	0.629325820665319	0.731457465891747
0.636180242964869	-0.0117014952483407	0.3122393738582641
0.413408876107402	-0.652557698494705	-0.1195744111936515
0.174156201946682	-1.28387145558483	-0.554857626819074
-0.0720395304039766	-1.8964109736081	-0.9842252520060384
-0.315363274011313	-2.48121899808297	-1.3982911360471415
-0.546114479070177	-3.02974379619232	-1.7879291376312485
-0.75509382321241	-3.53396421001647	-2.14452901661444
-0.933969959459514	-3.98650695109236	-2.460238455275937
-1.07561166073561	-4.38075442108335	-2.72818304090948
-1.17437211938705	-4.71094148188243	-2.94265680063474
-1.22631406758406	-4.9722397600654	-3.0992769138247303
-1.22936674376431	-5.1608282528979	-3.1950974983311053
-1.18340844736178	-5.27394920341423	-3.2286788253880054
-1.09027139062424	-5.30994842749866	-3.20010990906145
-0.953668654092844	-5.26829950326041	-3.110984078676627
-0.779046157798231	-5.14961146897751	-2.964328813387871
-0.573365549614517	-4.95561991704148	-2.7644927333279985
-0.344826666327294	-4.68916161413729	-2.516994140232292
-0.102540632017072	-4.35413301879147	-2.228336825404271
0.143833373705994	-3.9554333028922	-1.905799964593103
0.384473196711861	-3.49889271038613	-1.5572097568371346
0.609785286640157	-2.99118730077293	-1.1907010070663866
0.810787161478858	-2.43974132411609	-0.8144770813186161
0.97946551077624	-1.85261865515411	-0.436576572188935
1.10909566104113	-1.2384048740872	-0.06465460652303501
1.19450966725406	-0.606081718388958	0.29421397443255104
1.2323023425268	0.0351042584473299	0.633703300487065
1.22096701215792	0.675776900605528	0.9483719563817239
1.16095557999851	1.3065675588372	1.233761569417855
1.05466051247175	1.91825208958242	1.486456301027085
0.906319458486443	2.50188574096302	1.7041025997247314
0.721846307747723	3.04893395319045	1.8853901304690865
0.508595422636852	3.5513971606752	2.029996291656026
0.275068442991113	4.00192777083814	2.1384981069146267
0.0305753525519888	4.39393760902569	2.2122564807888394
-0.215136680707281	4.72169425834621	2.2532787888194643
-0.452271893409805	4.98040488563613	2.2640664961131622
-0.671376452948571	5.16628632775652	2.2474549374039747
-0.863715351959192	5.27662041333808	2.206452530689444
-1.02162064549861	5.30979371099644	2.144086532748915
-1.13879714781237	5.26532112277402	2.0632619874808253
-1.21057340152506	5.14385297779809	1.9666397881365152
-1.23408791390422	4.94716552242326	1.8565388042595201
-1.20840323554564	4.67813494592268	1.7348658551885199
-1.13454333352278	4.34069532155389	1.6030759940155552
-1.01545276905088	3.93978107803321	1.462164154491165
-0.855879307123447	3.48125484266686	1.3126877677717066
-0.662184638104337	2.97182171129892	1.1548185365972916
-0.442090757208468	2.41893119871941	0.988420220755471
-0.204372112920759	1.83066830332583	0.8131480952025355
0.041494202575607	1.21563527901533	0.6285647407954685
0.285706275157809	0.582825843174655	0.434266059166232
0.518528140147757	-0.0585063397576479	0.23001090019505457
0.730677924500186	-0.698982975972436	0.015847474263875005
0.913697885790317	-1.32923828244468	-0.20777019832718152
1.0602915957144	-1.94005594414114	-0.43988217421337006
1.16461482566097	-2.52250388553583	-0.6789445299374299
1.22250853766304	-3.06806488564982	-0.9227781739933899
1.23166469211726	-3.56876112661272	-1.16854821724773
1.19171826203946	-4.01727085445385	-1.4127762962071948
1.1042617855386	-4.40703544617585	-1.6513868303186248
0.972781876347878	-4.73235531745275	-1.8797867205524361
0.802520223537898	-4.98847326848082	-2.092976522471461
0.600264621914472	-5.17164404920327	-2.2856897136443988
0.374078364059871	-5.27918912664675	-2.4525553812934393
0.132978782302742	-5.30953585349863	-2.588278535597944
-0.113422243865982	-5.26224046515744	-2.687831354511711
-0.355301483096357	-5.13799456896723	-2.746648026031793
-0.583015973414347	-4.9386150307427	-2.7608155020785237
-0.787487456685605	-4.66701740647616	-2.7272524315808826
-0.960564300119178	-4.32717330773805	-2.6438688039286142
-1.09534647614293	-3.92405232422322	-2.509699400183075
-1.18646064472856	-3.46354935271782	-2.3250049987231898
-1.23027437150193	-2.95239839516608	-2.091336383334005
-1.22504094143881	-2.39807408638019	-1.8115575139095
-1.17096899488076	-1.80868239136816	-1.48982569312446
-1.07021420970316	-1.19284207062819	-1.131528140165675
-0.926793361240925	-0.559558646760131	-0.743176004000528
-0.746424186131595	0.0819072846015637	-0.33225845076501564
-0.536297434198924	0.722175473825046	0.09293901981306102
-0.304790195949164	1.35188318603593	0.523546495043383
-0.0611319344079932	1.96182211375155	0.9503450896717783
0.184963464445049	2.54307303130073	1.3640182478728895
0.423684953656637	3.0871362219584	1.7554105878075186
0.645515460781117	3.5860557705397	2.1157856156604087
0.841611303526086	4.03253590390516	2.437073603715623
1.00415475945752	4.42004767811266	2.7121012187850897
1.12666573392297	4.7429244521145	2.934795093018735
1.20426010097623	4.9964447518738	3.100352426425015
1.23384441806607	5.17690131316616	3.205372865616115
1.21423925182883	5.28165529344383	3.24794727263633
1.14622619837472	5.30917486001405	3.2277005291943848
1.03251672351735	5.25905759025144	3.145787156884395
0.87764406518827	5.13203635628259	3.00484021073543
0.687782507546142	4.92996860809029	2.808875557818216
0.470501231751362	4.65580921175226	2.5631552217518108
0.23446255659915	4.31356724000464	2.274014898301895
-0.0109234007952874	3.9082473469881	1.9486619730964063
-0.255873876670805	3.44577658446233	1.5949513538957625
-0.490623468540164	2.93291772966592	1.221147130562878
-0.705813450970713	2.37717039224096	0.8356784706351236
-0.892864878434203	1.78666134635021	0.44689823395800343
-1.04432060079258	1.17002569167635	0.06285254544188501
-1.15414255634158	0.536280581103024	-0.30893098761927795
-1.21795249027669	-0.105306638423438	-0.661629564350064
-1.23320650189581	-0.745353943656709	-0.9892802227762596
-1.1992964618925	-1.37450182974114	-1.28689914581682
-1.11757425655237	-1.98355017561295	-1.55056221608266
-0.991297892313007	-2.56359277870884	-1.7774453355109234
-0.825501609328516	-3.10614759166172	-1.965824600495118
-0.626795182201067	-3.60328075651338	-2.1150379693572234
-0.403100409125838	-4.04772262267349	-2.225411515899664
-0.163335294795662	-4.43297405207781	-2.298154673436736
0.082941482303693	-4.7534014570295	-2.3352299873629034
0.325911644240578	-5.00431918097162	-2.339203768365521
0.555888737395258	-5.18205801752458	-2.3130846400646607
0.76370430079834	-5.28401886582483	-2.260157282513245
0.941073383736878	-5.30871073755486	-2.183818676908991
1.08092484059462	-5.25577255988232	-2.08742385964385
1.17768323511344	-5.1259784554805	-1.9741476101835302
1.22749111544264	-4.92122642241994	-1.84686765348865
1.22836279857135	-4.64451057946649	-1.70807389044757
1.180263533244	-4.29987738264702	-1.55980692470151
1.08511088538316	-3.89236645333432	-1.40362778397558
0.946698290787505	-3.42793688313057	-1.2406192961715323
0.770543822817369	-2.91338009320401	-1.0714181351933205
0.563670204223148	-2.35622052234911	-0.8962751590629812
0.334324833350741	-1.76460559602355	-0.7151403813364046
0.0916509863956559	-1.14718658536046	-0.527767799482402
-0.154676696165608	-0.512992098372099	-0.3338343972688535
-0.394837906961289	0.128703946698514	-0.1330669801313875
-0.619258176389491	0.768517935233285	0.07462987942189703
-0.818990576507223	1.39709377420061	0.2890515988466935
-0.986072406813832	2.00523970766492	0.509583650425544
-1.11384264199219	2.58406272917078	0.735110043589295
-1.19720748596804	3.12509862547019	0.9639455697510749
-1.23284344548503	3.62043574994407	1.19379615222952
-1.219329827293	4.06283071576184	1.42175044423442
-1.15720537670458	4.44581431698072	1.6443044701380702
-1.04894679951968	4.76378612868536	1.85741966458284
-0.898870023580969	5.01209640281609	2.056613189617561
-0.712958136350478	5.18711406211123	2.237077962880376
-0.498622858093195	5.28627979787814	2.3938284698924726
-0.264409059979151	5.30814349513651	2.5218672175786794
-0.0196541070347812	5.2523854378607	2.6163656654129595
0.225884393134944	5.11982098423368	2.672852688684312
0.462417595369801	4.91238864354573	2.687403119457765
0.68051566732037	4.63312172909104	2.656818698205705
0.871483727106251	4.28610400158617	2.5787938643462107
1.02770848081833	3.87640995174302	2.4520592162806754
1.14296174052184	3.41003059525288	2.27649616788736
1.21264872245509	2.89378586529245	2.05321729387377
1.23399122655838	2.33522488364894	1.7846080551036598
1.20613839454329	1.74251556881382	1.474326981678555
1.13020063092756	1.12432519532266	1.1272629131251102
1.00920533471108	0.48969365093849	0.749449492824785
0.847976206531269	-0.152098754941777	0.34793872579474605
0.652940942940721	-0.79166699860187	-0.06936302783057446
0.431874984429417	-1.41965858057328	-0.4938917980719315
0.193591533149243	-2.02689028859539	-0.9166493777230735
-0.0524098016441899	-2.60448248506455	-1.32844614335437
-0.296321723034762	-3.14398895526622	-1.7201553391504911
-0.5284202324252	-3.63752041760168	-2.08297032501344
-0.739452294675325	-4.07785988970047	-2.4086560921878974
-0.921004727413391	-4.45856822340348	-2.6897864754084355
-1.06583960806798	-4.77407826536326	-2.91995893671562
-1.16818282700027	-5.01977626633723	-3.09397954666875
-1.22395428303415	-5.19206934871411	-3.20801181587413
-1.23093054421455	-5.2884380456859	-3.2596842949502247
-1.18883348902307	-5.30747314377748	-3.2481533164002747
-1.09934139420525	-5.24889628998032	-3.174118842092785
-0.966022027172857	-5.11356406214899	-3.0397930446609234
-0.794190410375873	-4.90345544313861	-2.848822926757242
-0.590696928129963	-4.6216428818506	-2.6061699049902813
-0.363654223411468	-4.27224736436551	-2.3179507938884893
-0.122113772382812	-3.860378152164	-1.991245962273406
0.124294969398454	-3.39205806865296	-1.633881549627253
0.365748462985252	-2.87413542654273	-1.254193481778739
0.592620719538855	-2.31418388397385	-0.8607815822174976
0.795867058127267	-1.72039169381258	-0.46226231784265653
0.967384688611873	-1.10144196563788	-0.0670286385130035
1.10033574432045	-0.466385691366833	0.31697502647680853
1.18941988621319	0.175490608716757	0.6824552474649734
1.23108561067412	0.814800684099516	1.022943147386818
1.22367183675277	1.44219581054516	1.332933823648965
1.16747412821987	2.04850149784901	1.6079878130344398
1.06473291037249	2.62485164974308	1.844792280057785
0.919544151347564	3.16281821411136	2.0411811827294617
0.737696068797775	3.65453442762215	2.1961152482099626
0.52643837191958	4.09280985255262	2.3096241122361003
0.294193238425308	4.47123552360566	2.382714381015484
0.0502195488954595	4.78427766714183	2.4172486080186446
-0.195756235571891	5.02735862235622	2.4158011933921646
-0.433927836671523	5.19692378107842	2.3814979722034484
-0.654800104261534	5.29049356732485	2.3178467315316578
-0.849567558035849	5.30669969649912	2.2285660692316354
-1.01046543423674	5.24530518401672	2.11741987488999
-1.13107924228268	5.10720781076509	1.9880642842412048
-1.20660049026577	4.89442699472305	1.8439132522286399
-1.23401838434999	4.61007426071799	1.6880279381840002
-1.21223985962038	4.25830774014562	1.5230339402626198
-1.14213315713179	3.84427136600967	1.35106910443894
-1.02649320987795	3.3740196524413	1.173763221281675
-0.869930217632924	2.8544291586581	0.992249470512588
-0.678685852834418	2.29309793203833	0.807206039601956
-0.460384424800469	1.69823440076883	0.6189249879841805
-0.223728922576782	1.07853734080537	0.427404209114294
0.0218459457725909	0.44306867240661	0.23245730908960047
0.266549885202887	-0.198879053644428	0.03383541577922951
0.500627321856948	-0.837918542361995	-0.1686456102525235
0.714746327009435	-1.46470502633797	-0.3749793496642675
0.900370651616526	-2.07007291563513	-0.584851132009302
1.05010003962756	-2.64516982754205	-0.7975348939572451
1.15796525284094	-3.18158603625347	-1.0118103917062649
1.21966604559422	-3.67147744951394	-1.22590570195986
1.23274260198843	-4.10768031392017	-1.4374688559658702
1.1966736009856	-4.48381597152912	-1.64357118527176
1.1128969998334	-4.79438413590104	-1.8407435680338198
0.984752707247399	-5.0348433235883	-2.0250453081704505
0.817349431790316	-5.2016772649084	-2.192163916559042
0.617361013783044	-5.29244632286717	-2.3375426545420632
0.392760360351572	-5.30582316832541	-2.456531403986919
0.152501590779881	-5.24161218972598	-2.5445552994730494
-0.0938369359696141	-5.10075235355005	-2.597294644759832
-0.336434480201576	-4.8853034736737	-2.610868976937638
-0.565619443388288	-4.59841609040989	-2.5820177668990887
-0.772254944282487	-4.24428539969914	-2.5082701719908136
-0.948103077539537	-3.82808990614909	-2.3880964918443133
-1.08615333300737	-3.35591569700813	-2.2210345150077497
-1.18090208264324	-2.83466744442633	-2.0077847635347847
-1.22857199279614	-2.27196743743007	-1.750269715113105
-1.22726261457937	-1.67604412008065	-1.4516533673300098
-1.17702614877046	-1.05561176573995	-1.116318957255205
-1.07986536473088	-0.419743046983186	-0.749804205857033
-0.939653756311683	0.222263635411945	-0.358695060449869
-0.761981117877247	0.861020124332498	0.049519503227625494
-0.553930696843506	1.48718579071765	0.466627546937072
-0.323796806956018	2.09160412293602	0.8839036579900009
-0.0807541601750984	2.66543662378758	1.2923412318062408
0.165507900137514	3.20029205713376	1.6828999786356371
0.405171682762017	3.68834915416441	2.0467604184632133
0.628682548987988	4.12247098494931	2.375576766968649
0.827129825908309	4.49630932280278	2.6617195743555446
0.992602046828775	4.80439747532608	2.8984997610774275
1.11850235647907	5.0422302246456	3.080366290562335
1.19981150681483	5.20632970786919	3.20307060734201
1.23328795859805	5.29429627438122	3.2637921164896353
1.21759711133716	5.3048435762826	3.26122034380988
1.15336450959714	5.23781737884326	3.1955909442202
1.04315090451166	5.09419781589902	3.06867436020534
0.891350164716345	4.87608505721195	2.883717610964147
0.704014106671881	4.58666859738238	2.6453413520271307
0.488611227839402	4.23018061540542	2.359395921622411
0.25372896125485	3.81183408690175	2.0327815240783
0.008731321673106	3.33774655401687	1.673238937844988
-0.236614408150457	2.81485066771229	1.2891181297809167
-0.472527068201014	2.25079281060194	0.8891328712004629
-0.68960156518778	1.65382128278696	0.48210985879959
-0.879183823934096	1.03266568576331	0.07674093091460704
-1.03371579804515	0.396409268189234	-0.318653264927958
-1.14703678536698	-0.245643899781446	-0.6963403425742131
-1.21462903574012	-0.884104981270454	-1.0493670085052869
-1.23379785944187	-1.5096376670027	-1.371717763222285
-1.20377905596197	-2.11309470151511	-1.65843687873854
-1.12576938026535	-2.68565164480377	-1.90571051253456
-1.00287883194826	-3.21893591339394	-2.1109073726711003
-0.84000666936855	-3.70514921384628	-2.2725779416074148
-0.643646091675458	-4.13718157833611	-2.3904138350057837
-0.421625375449955	-4.50871533474741	-2.4651703550986825
-0.182795786021074	-4.81431749091112	-2.4985566384660967
0.0633212945509992	-5.04951918204001	-2.4930989437445055
0.306913954931233	-5.21088101958862	-2.4519835323286934
0.538270924451341	-5.2960433859323	-2.3788862307404797
0.748168730825709	-5.30376093939895	-2.2777961042866206
0.928239410885015	-5.23392082508154	-2.1528407070982625
1.07130411486118	-5.08754432513174	-2.00812010513528
1.17165930447346	-4.86677192440251	-1.8475563099645251
1.22530413500113	-4.5748320098267	-1.6747639374127852
1.2300999563371	-4.21599366124523	-1.492946852454065
1.18585557421879	-3.79550422403161	-1.30482432490641
1.09433487254004	-3.31951257639712	-1.1125888519285398
0.959186492866511	-2.79497921345027	-0.9178963602918795
0.78579837461041	-2.22957446286412	-0.7218880441268549
0.581082954888752	-1.63156632055906	-0.525241682835154
0.353201591468981	-1.00969954659555	-0.3282489775632845
0.111239195189426	-0.373067789275672	-0.13091429704312302
-0.135157956766761	0.269019392599045	0.066930717916142
-0.376166787502246	0.90717266476002	0.26550293862888696
-0.602179035482966	1.53206021907285	0.464940591794942
-0.804184305604813	2.13454423392497	0.6651799641600785
-0.974129285212517	2.70581449792049	0.8658426063539865
-1.10523880426153	3.23751724288324	1.066139219310855
-1.19228593996736	3.72187730222389	1.264795681128265
-1.23180039772255	4.15181180833218	1.4600057053048152
-1.22220686079148	4.52103376638035	1.6494134527944353
-1.16388779321744	4.82414398996311	1.830128098372835
-1.05916819218813	5.05671005418591	1.99877093099889
-0.912222897734806	5.21533111165895	2.1515541069620716
-0.728910155034605	5.29768762358334	2.284388734274368
-0.516538064662181	5.30257527870434	2.3930186070210793
-0.283573231681806	5.22992260413009	2.473174686224142
-0.0393032288213502	5.08079201049006	2.5207443908343548
0.206533669743694	4.85736425614991	2.5319489629468017
0.44413672265075	4.56290655766462	2.503521640157685
0.664033445980195	4.2017248127955	2.4328791293878473
0.857457251297117	3.77910063474088	2.3182789430189983
1.01669694186766	3.3012141183379	2.15895553010278
1.13540413373866	2.77505346763675	1.955228800687705
1.20884634577244	2.20831280637603	1.7085795760742348
1.23409566873551	1.60927966569228	1.4216876672138952
1.21014549180018	0.986713794346358	1.098429643073269
1.13795063294172	0.349719063643067	0.7438348482923934
1.02038927335874	-0.292389659803429	0.36399980677765553
0.8621482134715	-0.930222726719127	-0.03403725662381352
0.669536024979168	-1.5544530113774	-0.442458493199116
0.450231548014023	-2.15595230351548	-0.8528603777507284
0.212977760017384	-2.72592479148099	-1.256473515731803
-0.0327667791809774	-3.25603568466545	-1.6444012319232137
-0.277205010294944	-3.73853309435965	-2.007869052327297
-0.510591952419447	-4.16636139075007	-2.3384766715847585
-0.723623204667066	-4.53326437842007	-2.6284437915435683
-0.907805883269668	-4.83387678160552	-2.870841332437594
-1.05579720605345	-5.06380270140298	-3.059799953728215
-1.16169722599262	-5.21967989763862	-3.1906885618156196
-1.22128404347905	-5.29922895539557	-3.26025649943731
-1.23218212013664	-5.30128661722981	-3.266734368683225
-1.19395698403991	-5.22582279365302	-3.209889888846465
-1.10813255073865	-5.07394100313548	-3.091036776937065
-0.978130369553923	-4.84786223519501	-2.9129963023744665
-0.809133217203949	-4.55089247254413	-2.6800128448740397
-0.607878476851573	-4.1873743472239	-2.397626412037736
-0.382389539898602	-3.76262363766391	-2.072506588781256
-0.141655938689831	-3.28285153528078	-1.7122537369853055
0.104725037773339	-2.75507381732279	-1.3251743897747257
0.346930957459454	-2.18700825413835	-0.920038648339448
0.575305834675605	-1.58696175109755	-0.5058279582109725
0.78074508374577	-0.963708875506436	-0.09148189588033301
0.955058490110591	-0.326363544832731	0.31434747263893
1.09129672833605	0.315754247434962	0.703525487885506
1.18402840978872	0.953254719407871	1.0686415645982954
1.22955661496082	1.57681560894371	1.403186111952265
1.22606627798471	2.17731849444191	1.7016923862133102
1.17369654758122	2.74598213484943	1.959839341215325
1.07453523963931	3.27449087902593	2.17451305933262
0.932535602585008	3.75511626672026	2.3438259346526342
0.753358713841907	4.18083004296894	2.4670943784054233
0.544147790538842	4.54540693329095	2.544777361914896
0.313243411984629	4.84351567678215	2.57837954438339
0.0698510070913368	5.0707969859189	2.5703239965051186
-0.176326137027088	5.22392729305388	2.523800578013396
-0.415473714491544	5.30066735142913	2.442596818468793
-0.63805766606233	5.29989498000722	2.330918656972445
-0.835204271994626	5.22162147328782	2.193208600646597
-0.999053919241987	5.06699143614657	2.0339687584522914
-1.12307443942612	4.83826604611146	1.85759580334267
-1.20232152577667	4.53878998783491	1.6682342310291203
-1.23363584703948	4.17294254328358	1.46965334812205
-1.21576900004386	3.74607355286089	1.265152276408515
-1.14943327959743	3.26442518391282	1.0574959521576952
-1.03727328153992	2.73504065060652	0.8488836845333
-0.883760471052528	2.165661219985	0.640950374466236
-0.695014919451726	1.56461301029305	0.434799045420662
-0.478561316258778	0.940685236938692	0.231061960339957
-0.243028983574155	0.30300168651793	0.02998635147188751
0.0021921477632639	-0.339112701644104	-0.16846027694042007
0.247325885087084	-0.976268195437408	-0.364471155175162
0.482599519854428	-1.59914757738566	-0.558274028765616
0.698633434696044	-2.19864239167309	-0.7500044784885229
0.886815039161621	-2.7659861384185	-0.9395855496284395
1.03964212652251	-3.2928824674786	-1.126620170478045
1.15102196307939	-3.77162649718307	-1.31030226705184
1.21651418622814	-4.19521748393999	-1.489351648855925
1.23350782770448	-4.5574611951279	-1.6619766837117098
1.20132540464929	-4.85306048826055	-1.8258675418056303
1.12124992871227	-5.077692771872	-1.978221421579865
0.996473756426248	-5.22807321540048	-2.115799729487116
0.831971320026289	-5.30200278374364	-2.235015731858675
0.634300812534217	-5.29840039406863	-2.3320497907672064
0.411342733298356	-5.21731872464375	-2.402987995672697
0.171985717352946	-5.05994344451637	-2.443978863581712
-0.0742278264110098	-4.82857587530205	-2.45140185085653
-0.31748214097541	-4.52659933862373	-2.42204073979957
-0.548079444451936	-4.15842968130745	-2.3532545628796933
-0.756826550042882	-3.72945070181181	-2.243138625927346
-0.935401369387904	-3.24593542215987	-2.090668395773887
-1.07668468796515	-2.71495435662562	-1.8958195222953849
-1.17504398570823	-2.1442721185751	-1.659658052141665
-1.22655798780684	-1.54223387739565	-1.3843959326012452
-1.22917299355915	-0.917643325869766	-1.073408159714458
-1.18278475093795	-0.279633942495076	-0.731209346716513
-1.08924261278996	0.362464568700606	-0.36338902204467693
-0.952275808973876	0.999262707778467	0.02349344940229553
-0.777344773734103	1.62144848291217	0.4220518545890335
-0.571423455418826	2.21992358099931	0.824250062790242
-0.342721287166987	2.78593641361701	1.2216075632250114
-0.100355902715364	3.31121009277291	1.6054270950287728
0.146010354886158	3.78806346504227	1.967036909964214
0.38655564040067	4.20952343419188	2.2980395372962747
0.611690172379288	4.56942692978083	2.590558551080059
0.812438547485106	4.86251103063594	2.837474789060523
0.980797561500784	5.08448992531387	3.032643743407327
1.11005527182511	5.23211758414525	3.17108642798518
1.19505858144374	5.30323522639877	3.249146903921255
1.23241867664564	5.2968028884459	3.26461078254577
1.22064612833172	5.21291463130027	3.216780379815995
1.16021027085281	5.0527971651498	3.1065037180013046
1.05352049113022	4.81879191099518	2.9361562010627
0.90483017400245	4.51432076170995	2.7095754678562
0.720067133193918	4.14383604320318	2.431951588198549
0.506597288088182	3.71275540741005	2.109676347749116
0.272931007766558	3.22738260917943	1.750156808472994
0.0283838294488815	2.69481532554973	1.3615995774993057
-0.217294922578551	2.12284136538493	0.9527732214031895
-0.454310811756575	1.51982478711267	0.5327569876780475
-0.673214762530535	0.894583589881199	0.110684413675332
-0.865279765174435	0.256260766674906	-0.30450949924976445
-1.02284879412903	-0.385809395002135	-0.7043290945655826
-1.13964006944771	-1.02223780977021	-1.0809389396089601
-1.21099749153973	-1.6437178923355	-1.427357691937615
-1.23407626516762	-2.24116164904046	-1.73761895710404
-1.20795631245614	-2.80583257291744	-2.00689444268679
-1.1336789534936	-3.32947339890077	-2.231576176197185
-1.0142053921861	-3.80442685101515	-2.409316121600625
-0.854298662402318	-4.22374761583629	-2.539023139119304
-0.660333740843881	-4.58130390481928	-2.6208188228315805
-0.440043396841617	-4.87186712033464	-2.6559552585881283
-0.202209911244517	-5.09118831421207	-2.6466991127282937
0.0436850454036106	-5.23606032072762	-2.5961876376620046
0.287838417147646	-5.30436465545473	-2.508263119153542
0.520516579526655	-5.29510249417006	-2.3872929573217028
0.732443388464988	-5.20840927880547	-2.237982945170241
0.915169990863992	-5.045552736861	-2.0651913729985036
1.06141165371315	-4.80891434324114	-1.873751344763995
1.16533818340694	-4.50195449560086	-1.6683081560969601
1.22280635716558	-4.12916191244735	-1.4531777776408852
1.23152510025263	-3.69598799395625	-1.2322314468518099
1.1911468238948	-3.20876710535385	-1.008810140729525
1.10328128254945	-2.67462394857294	-0.7856713330117451
0.971431398074267	-2.10136937669974	-0.5649689893127364
0.800853609286909	-1.49738617473332	-0.3482662827232055
0.598348314336988	-0.871506476900772	-0.136579081281892
0.371988760291746	-0.23288261307367	0.069553073609038
0.130799188252103	0.409146727083084	0.2699729576675935
-0.115604934662461	1.04519305512892	0.46479406023322944
-0.3574002536445	1.66595537307962	0.65427755971756
-0.584947152355452	2.2623561832541	0.838704515449324
-0.789174054009474	2.82567422984347	1.0182500879169978
-0.961939076512864	3.34767203110343	1.1928664772952828
-1.09635462360999	3.82071633724837	1.3621808568191902
-1.18706197161087	4.23788975257314	1.525413890481135
-1.23044490479429	4.59309188953692	1.681323492371315
-1.224773882517	4.88112857561768	1.8281773465503401
-1.17027499054124	5.09778780845258	1.9637564089556698
-1.06912092770889	5.23990134856129	2.0853902104262
-0.925344387294969	5.30539104897274	2.1900233308388852
-0.744677286252669	5.29329924427068	2.2743109790090057
-0.534322251772543	5.20380275467433	2.3347402514508935
-0.302665475265632	5.0382103003706	2.3677724125524837
-0.0589423813760031	4.79894336390841	2.3700004912662034
0.187130559255647	4.48950078050712	2.3383156698813834
0.425743195014402	4.11440757408013	2.270075384547266
0.647382793098275	3.67914878715189	2.1632657901250827
0.843213282155847	3.19008927228317	2.0166512772195087
1.00542751856726	2.65438061790604	1.82990406823665
1.12755853262341	2.07985656960591	1.6037075511146601
1.20473734620057	1.47491847612026	1.339827911160415
1.23388708355325	0.848412435193813	1.0411497593735315
1.21384563664053	0.209499935804345	0.7116727862224375
1.14541199470635	-0.432476111623533	0.3564679415414085
1.0313143910998	-1.06812799795646	-0.01840680342833001
0.876101537220861	-1.68816049318883	-0.40602947798398453
0.685961279751198	-2.28350677194331	-0.7987727460960561
0.468473910733865	-2.84546099897732	-1.1884935441217275
0.232309965250471	-3.36580563587851	-1.5667478353140194
-0.013115445450971	-3.83693160732401	-1.9250235263874906
-0.258017984730464	-4.25194956969608	-2.254983777213272
-0.492634161181588	-4.60479065495602	-2.5487124080688037
-0.707610568223381	-4.89029521658432	-2.7989528924038507
-0.894376774904397	-5.10428827984241	-2.9993325273734035
-1.0454870019391	-5.24364059303551	-3.144563797487305
-1.1549169614315	-5.30631438701543	-3.230615674223465
-1.21830402622286	-5.29139317377532	-3.25484859999909
-1.23312115406938	-5.19909514838706	-3.21610815122822
-1.19877763284198	-5.03076999830299	-3.1147738155724847
-1.11664263035475	-4.78887916667999	-2.9527608985173703
-0.989990609964867	-4.47695985833805	-2.7334752341514585
-0.823870788051707	-4.09957331469969	-2.4617220513756983
-0.624905837693553	-3.66223811409304	-2.1435719758932965
-0.401027863590967	-3.17134947277815	-1.7861886681845585
-0.161162174083597	-2.63408572676913	-1.3976239504263634
0.0851285427278365	-2.05830336198264	-0.9865874096274017
0.328025453179362	-1.45242212770118	-0.562198337260909
0.557845023956802	-0.825301913354519	-0.13372844469885847
0.765425074010841	-0.186113189067707	0.289655942471567
0.942490041802581	0.455797095457788	0.6991435686301846
1.08198090582697	1.0910421927491	1.086511549288035
1.17833660552422	1.71033282133593	1.444334713430075
1.22771574321541	2.30461300426486	1.766164373740135
1.22814972850566	2.86519249596764	2.04667111223665
1.17962125977098	3.38387386098665	2.281747560378815
1.08406501391938	3.85307234626574	2.46856868009256
0.945290516927785	4.26592679409777	2.6056086555127775
0.768830270063003	4.6163999738319	2.6926151219474512
0.561719186515039	4.8993668651756	2.7305430258453196
0.332214131608105	5.11068960211204	2.7214518668600727
0.0894647476362701	5.24727798151669	2.6683713645764797
-0.156851313501486	5.30713465164727	2.575141669072892
-0.396914207742879	5.28938431970876	2.4462350559829407
-0.621153385056762	5.19428655138737	2.286566583165304
-0.820629137071303	5.02323197518363	2.1013014190561634
-0.987388995035805	4.77872194704962	1.8956664760069075
-1.11478476965438	4.46433197269696	1.67477360152129
-1.19773759341361	4.08465942245665	1.4434609145215203
-1.23294039900298	3.64525630326394	1.20615795213048
-1.21898976165252	3.1525480708531	0.9667791546002901
-1.15644184924961	2.61373966938369	0.72864891006704
-1.04779024968041	2.03671017249382	0.494459961406705
-0.89736655934978	1.42989756646018	0.2662655035552
-0.711167696101824	0.802175360297135	0.04550383209765552
-0.496616821029716	0.162722827143538	-0.166946996943089
-0.262267400468156	-0.479109225583488	-0.370688313025822
-0.0174622062825721	-1.11393519440616	-0.565698700344366
0.22803915096232	-1.73247192683082	-0.7522163879342499
0.464449306877481	-2.32567447023716	-0.9306125816798396
0.682343334581997	-2.88486833753658	-1.1012625014772914
0.873034486795636	-3.40187635545861	-1.264420934331487
1.02892050904037	-3.86913824054507	-1.4201088657523502
1.14378671753609	-4.27982115427529	-1.5680172183696002
1.21305375903135	-4.62791962065736	-1.7074329308130047
1.23396017516653	-4.90834334517774	-1.837191585005605
1.20567249310434	-5.11699165091789	-1.9556595789067748
1.12931845346163	-5.25081344334978	-2.060747494944075
1.00794205084988	-5.30785182693488	-2.1499548880425
0.846382179415823	-5.28727272109235	-2.2204452708382636
0.651079721401866	-5.18937705708066	-2.2691486678393966
0.429820769496487	-5.0155963774361	-2.292887803969806
0.191426219889157	-4.7684719023179	-2.2885228412143714
-0.0545998890247861	-4.45161736887633	-2.253108628950558
-0.298449272663207	-4.06966618704845	-2.184057729855829
-0.530400425611705	-3.62820368453066	-2.0793020550711825
-0.741206187366396	-3.1336854317192	-1.937445809542798
-0.922462397442169	-2.59334284096533	-1.7579026192037495
-1.06694294273035	-2.01507742058013	-1.5410101816552402
-1.16888783982502	-1.40734522992947	-1.288116534877245
-1.22423286738476	-0.779033225247307	-1.0016330463160334
-1.23077159381208	-0.139329304382036	-0.685050449097058
-1.18824334071847	0.502412049170138	-0.342915645774166
-1.09834357534911	1.13680655823866	0.019231491444774984
-0.964656317654171	1.75457737962856	0.39496053098719447
-0.792511256723396	2.34669076074821	0.7770897520124069
-0.588771272900948	2.90448814148737	1.157858434293211
-0.361558836403132	3.41981276960177	1.529126966599319
-0.119932190062809	3.88512897808728	1.8825983940122355
0.126475774227389	4.29363238033516	2.2100540772812747
0.367841548516544	4.63934937166715	2.5035954600918466
0.594542641057475	4.91722448222557	2.7558835616415225
0.797541194687242	5.12319430384474	2.960367749265991
0.968744297671605	5.25424690985959	3.111495603765597
1.1013266225572	5.30846589894738	3.2048962607522897
1.19000253043859	5.28505841894317	3.23753047469088
1.23123679270152	5.18436676083225	3.2078017767668854
1.22338552943183	5.00786335337938	3.1156244414056053
1.16676174571997	4.75812923158862	2.9624454886542946
1.06362285313587	4.43881629385317	2.75121957349452
0.918080673853236	4.05459389971371	2.486337286783473
0.735937515275176	3.6110805891347	2.173509052204938
0.524454850348221	3.11476192177697	1.8196083860625956
0.292063825550865	2.57289563771563	1.4324797316332476
0.0480291376895126	1.99340552645071	1.0207173320701113
-0.19792032032683	1.38476555618078	0.5934226179269749
-0.435979319745429	0.755875957733431	0.159948318994001
-0.65665719949808	0.115933075194645	-0.2703620621517175
-0.851156228908364	-0.525705113568059	-0.6884306712382116
-1.01172234545086	-1.15965583997785	-1.085689092714355
-1.13195428475473	-1.77664875033813	-1.45430151754643
-1.20705877881373	-2.36766146756344	-1.787360123188585
-1.23404164845568	-2.92405152671177	-2.079046587583725
-1.2118271718173	-3.43768275500722	-2.3247549634122597
-1.14130096998036	-3.90104424827754	-2.52117260912895
-1.02527470005377	-4.30736020399896	-2.666317452026365
-0.868373963277452	-4.65068900484199	-2.7595314840597207
-0.676853896897764	-4.9260101038059	-2.8014320003518316
-0.458349801584747	-5.12929744040812	-2.7938236209964336
-0.221572746089003	-5.25757831435214	-2.7395755302205718
0.0240377155800921	-5.30897685575661	-2.642469570088259
0.268689869384407	-5.28274145627332	-2.5070257934444564
0.50263020599628	-5.1792557599655	-2.3383127769846097
0.716532262436417	-5.00003305322494	-2.1417503953942614
0.901868438721511	-4.74769413576478	-1.9229128485216345
1.05124996636523	-4.42592899628416	-1.687339514959465
1.15872147526106	-4.0394428532267	-1.4403606889828202
1.2199984154953	-3.59388734968651	-1.1869444670956049
1.23263786883137	-3.09577790860936	-0.9315700198889951
1.19613594015087	-2.55239845681481	-0.6781312583319701
1.11194784616178	-1.97169491107482	-0.42987353245652005
0.983429900500561	-1.36215898381683	-0.1893645416581345
0.815705708098895	-0.732704007577806	0.04150085026054451
0.61546190322354	-0.0925345940454172	0.2614636545890614
0.390681574469025	0.548987966317139	0.46983477039308197
0.150326004207416	1.18248259578394	0.666404299995678
-0.0960225894608048	1.79868561023036	0.8513315103847776
-0.338543065504027	2.38858618333377	1.0250215589148715
-0.567566897860025	2.94355811319747	1.1879956076687224
-0.773963629059246	3.45548596455631	1.340761167748532
-0.949504872751358	3.91688374196697	1.483689434607806
-1.08719235350277	4.3210043586082	1.616906002552715
-1.18153690595388	4.66193829991329	1.7402006969797048
-1.22877731051994	4.93470003926094	1.8529613643704999
-1.22703024134659	5.13530094205656	1.954135350354985
-1.1763653485686	5.26080759211603	2.0422211217737147
-1.0788024815787	5.30938468743742	2.11529110292936
-0.938231164006355	5.28032187808904	2.1710453570413426
-0.760255530684721	5.17404415375992	2.2068943115375994
-0.551970908479747	4.99210562907376	2.2200673602970062
-0.32168094799863	4.73716681754462	2.2077429347729947
-0.0785665832437236	4.4129557265008	2.167194571628538
0.167679983253919	4.02421334189149	2.0959466625727043
0.407241677964014	3.57662430015922	1.9919329890616169
0.630567932099113	3.07673376097459	1.8536508465368515
0.828755432653585	2.53185169641386	1.6803035645337225
0.993903069397174	1.94994599617411	1.4719245327856418
1.1194269272064	1.33952595196286	1.22947643958463
1.20032276598386	0.70951782488794	0.9549202954359
1.23336552391906	0.06913431544215	0.651249919680605
1.21723789052559	-0.572260155155625	0.3224888676849825
1.15258282365315	-1.20528638225473	-0.026351779300790024
1.04197791678709	-1.82068753124657	-0.38935480722974003
0.889832638530187	-2.40946450160349	-0.7598159315366515
0.702212541004368	-2.96300752203543	-1.1303974905155312
0.486597445428523	-3.47322205242767	-1.4933123034995734
0.251583245250446	-3.93264715147862	-1.8405319531140871
0.00653921500107221	-4.33456457912969	-2.164012682064309
-0.238765513114674	-4.67309703836719	-2.455931275740932
-0.474551413690686	-4.94329411979154	-2.708922766741113
-0.691418446936437	-5.14120469217401	-2.9163115695552233
-0.880720808599941	-5.26393468042358	-3.0723277445117603
-1.03491161089979	-5.30968938606779	-3.17230049848379
-1.14784375312548	-5.27779973138984	-3.21282174225766
-1.21501498714449	-5.16873204344926	-3.1918735152968747
-1.23374740782757	-4.98408123491348	-3.1089143213705253
-1.20329421267565	-4.72654748141785	-2.96492084704675
-1.12486947447881	-4.39989673650461	-2.7623831054917103
-1.0015997400654	-4.00890566153634	-2.50525270080087
-0.838399384746351	-3.5592917758819	-2.1988455803141256
-0.641774691679719	-3.05762984879901	-1.8497022702393646
-0.419564466892939	-2.51125575562686	-1.4654101112598994
-0.180627530823374	-1.928159204214	-1.054393367518687
0.0655104548969505	-1.31686690025807	-0.6256782226805597
0.309036745510729	-0.686317860047803	-0.188640557268537
0.54024271630284	-0.0457326939276304	0.24725501118760482
0.749910914830464	0.595521228028907	0.6727160714296855
0.92968253166453	1.22806675643423	1.07887464404938
1.07239063974399	1.84265408600653	1.45752236287526
1.17234591714122	2.43029601681807	1.8013209669796448
1.2255634623735	2.98239937542724	2.10398141890037
1.22992165985011	3.49089067410357	2.36040616697684
1.18524676199072	3.94833417061344	2.5667904663020797
1.09331981599322	4.3480406021605	2.72068020907686
0.957805659102267	4.68416500344882	2.8209853312755433
0.784106813113449	4.9517921784605	2.8679494957869744
0.579148102877905	5.14700857608216	2.8630783394800328
0.351100585388139	5.26695951853213	2.8090300519601343
0.109055795520948	5.30989094572907	2.7094733706250094
-0.137336704768199	5.2751750651676	2.5689191801997007
-0.378254024029273	5.16331953221949	2.3925327540951087
-0.604091549001929	4.97596002661525	2.1859342388066607
-0.805845850236994	4.71583633366156	1.9549952417122831
-0.975473620416717	4.38675227996215	1.7056393297727164
-1.10621233563545	3.9935201095079	1.4436538869362248
-1.1928498558873	3.54189011353295	1.174520128822825
-1.2319322166403	3.03846654316965	0.9032671632646749
-1.22190132750278	2.4906110345231	0.63435485351016
-1.16315708837034	1.90633495839597	0.371588935012815
-1.05804144667903	1.29418226884714	0.11807041108405503
-0.910745031351462	0.663104563709076	-0.123820233821193
-0.727140085646079	0.0223301840705047	-0.35240495078778716
-0.51454635934919	-0.618770733098299	-0.5666585462237446
-0.281439293450013	-1.25082327582095	-0.7661312846354815
-0.037112131054033	-1.86458484781715	-0.9508484894355915
0.208694574893004	-2.45108032433237	-1.121192874719683
0.446181286712836	-3.0017332966927	-1.277776004989932
0.665880158637931	-3.50849148637691	-1.4213056638694894
0.859032489944454	-3.96394449465625	-1.552456002355898
1.01793790671068	-4.36143216593344	-1.6717471296113802
1.13626135142518	-4.69514198016673	-1.7794403143707749
1.2092856417384	-4.9601940501959	-1.8754542042287503
1.23409952963702	-5.1527124810424	-1.95930647570269
1.20971376371529	-5.2698820476852	-2.030084141984955
1.13710052750676	-5.30998936250601	-2.086444417499625
1.01915468159475	-5.27244793040557	-2.12664662440541
0.860578354656142	-5.15780672520686	-2.148614185275359
0.66769348442941	-4.96774216193093	-2.15002433875076
0.448189782007139	-4.70503358233637	-2.128421900164615
0.210818167320889	-4.37352261220022	-2.0813522224396652
-0.0349581024212804	-3.97805698466546	-2.0065075435433704
-0.279340702936551	-3.52441965113417	-1.9018801770353606
-0.512586871136337	-3.0192442163276	-1.7659155437319685
-0.725397818345296	-2.46991793411969	-1.5976578762324931
-0.909289443662021	-1.88447368264862	-1.3968815631553204
-1.05693056828873	-1.27147249837136	-1.1642015333300448
-1.16243520649503	-0.639878386782403	-0.9011567966387166
-1.22159722129481	0.00107275954317395	-0.6102622308758181
-1.2320580098545	0.642008218749816	-0.295024895552342
-1.19340053354518	1.27355549837722	0.04007748241601994
-1.10716594395657	1.88647939068081	0.38965672336212
-0.976792142046596	2.47181702041787	0.7475124391856371
-0.807476719879055	3.02100891027664	1.1067660951987925
-0.605969749030101	3.52602414735759	1.4600271991637446
-0.380304676535442	3.97947782038159	1.799586571923074
-0.139478056708089	4.37473901032174	2.1176304768068253
0.106909113091722	4.7060277552966	2.406468434194161
0.349034153923816	4.96849957179407	2.6587668628589434
0.577244304479899	5.15831629625824	2.86778030036907
0.782441546216112	5.27270221111361	3.027571878664861
0.956445312641795	5.30998463448692	3.1332149735643573
1.09231862269015	5.26961838007748	3.180968501383815
1.1846446362626	5.15219372949582	3.1684191828792097
1.22974260654958	4.95942780048982	3.0945852035197
1.22581461979064	4.69413943728206	2.95997702853635
1.17301727242236	4.36020799020063	2.766612631311495
1.07345542807267	3.96251658737512	2.517986007723895
0.931098303290197	3.50688072804331	2.2189895156667534
0.751621227406171	2.99996324166018	1.8757922345331755
0.542179385063406	2.44917685637311	1.495678120718258
0.311122561584119	1.86257580162002	1.0868491816020696
0.0676622633785238	1.24873802996085	0.6582001466696868
-0.178495515747388	0.616639780428553	0.21907213234058254
-0.41753724193559	-0.0244756823187006	-0.2210064621271453
-0.639933075902782	-0.665233233602871	-0.6525831547528265
-0.836816797559357	-1.29626298253701	-1.0665398900481835
-1.00033927422532	-1.90833728930293	-1.454338281764125
-1.12398138078107	-2.49250570227114	-1.808243541526105
-1.20281389661342	-3.04022584175647	-2.121519869184945
-1.23369401808653	-3.54348831647944	-2.3885911672829847
-1.21539065220514	-3.99493384605987	-2.605162249132505
-1.14863349640733	-4.38796087684434	-2.768297186625835
-1.03608394783035	-4.71682211738598	-2.8764530326081648
-0.882229001805352	-4.97670858192301	-2.929468791864181
-0.693202369512988	-5.16381991287745	-2.928511141195219
-0.476539946274686	-5.27541995403664	-2.875979950155663
-0.240879379187206	-5.30987676176362	-2.775378070475413
0.00438428860966578	-5.26668646914638	-2.6311510902683573
0.249473168655058	-5.146480654117	-2.448503742730971
0.484616340724283	-4.95101710379568	-2.233200381535698
0.700439388584159	-4.68315411011385	-1.9913573607648454
0.888338128385465	-4.3468086725957	-1.7292352721051176
1.04082163032114	-3.94689921950399	-1.453038794591425
1.15181085835847	-3.48927368494841	-1.16873141329497
1.21688102222241	-2.98062399369402	-0.881871485735805
1.23343797982047	-2.42838820417203	-0.59747511217578
1.20082165750171	-1.84064174066952	-0.3199100415839049
1.12033236511023	-1.22597930522486	-0.052823470057315025
0.995178956735028	-0.593389196050031	0.20089488034249847
0.830350903823609	0.0478781296622276	0.4391145167429183
0.632419380700519	0.688445326519416	0.6604323536099674
0.40927529258369	1.31894528721491	0.8641102898992999
0.169814690094388	1.93015811910132	1.049986404597854
-0.0764158882077003	2.51314596802133	1.2183650399068149
-0.319600006191228	3.05938371784981	1.369891855829291
-0.550042680484086	3.56088365450688	1.505420487011397
-0.758556888866063	4.01031227146268	1.6258776912983084
-0.936829827853664	4.40109750867086	1.732133840408598
-1.07775431794219	4.72752485675779	1.8248852694078
-1.17571214442479	4.98482092112538	1.9045543883502951
-1.22679803788341	5.16922322399408	1.971212593055335
-1.22897536495668	5.278035223663	2.02452992935316
-1.18215732248516	5.30966574643151	2.0637542119731753
-1.08821039807932	5.26365225456371	2.087720928242195
-0.950879959148555	5.14066761004501	2.0948938254482274
-0.775640936921743	4.94251023522344	2.0834346491508486
-0.569479558216405	4.67207781421811	2.0512991280008523
-0.340614826621614	4.33332491966259	1.9963550465204878
-0.0981708567616945	3.9312051844143	1.9165171638263028
0.148186875361261	3.47159886386032	1.8098928696107905
0.388636864394323	2.96122684808748	1.6749318562409017
0.613593128058496	2.40755238132918	1.5105727546938381
0.814087370012092	1.81867192585876	1.316379647935426
0.982126517524533	1.20319676624438	1.0926616418844566
1.11101138006272	0.570127085281639	0.8405692326721794
1.19560372487698	-0.071279646988841	0.5621620389440695
1.23253112212611	-0.711644046611886	0.260443537757112
1.22032139301294	-1.34160197181463	-0.06064028940084498
1.1594613009072	-1.95194145621325	-0.39624007765302505
1.05237714562601	-2.53373741673801	-0.7406801355559999
0.90333803451681	-3.07848216642117	-1.08757206595218
0.718285686619465	-3.57820982354098	-1.4299620684607575
0.504597555078132	-4.02561279786936	-1.760507621395614
0.27079271136553	-4.41414865062644	-2.071677969630455
0.0261922167866013	-4.73813576551495	-2.3559717743641744
-0.219452478821324	-4.99283643182172	-2.6061444553215223
-0.456348296620952	-5.17452612465059	-2.815437210635771
-0.67505094792466	-5.28054796919196	-2.97779945855831
-0.866841448181034	-5.3093515925895	-3.0880965203852666
-1.02407371537481	-5.26051579526806	-3.1422947553214353
-1.14047939518809	-5.13475471019627	-3.13761705269218
-1.21141776050606	-4.93390736001632	-3.07266256026119
-1.23406072256247	-4.6609107647482	-2.947485743655335
-1.20750557791411	-4.31975699331895	-2.7636312856165297
-1.13281099637852	-3.91543478695758	-2.52412289166805
-1.01295481520913	-3.45385660810667	-2.2334057116579
-0.852715322121133	-2.94177218162397	-1.8972437518725513
-0.658480760038946	-2.38666979257355	-1.522575276306248
-0.437994648010235	-1.79666678394443	-1.1173307159773325
-0.200047071537396	-1.18039085556271	-0.6902189635500531
0.0458757503926341	-0.546853899982073	-0.25048907479471944
0.289969650923777	0.0946797797317671	0.19232471532777207
0.52250337652477	0.734828943253077	0.6286661598889235
0.734206541358442	1.36423259623752	1.049219568797981
0.916639208310877	1.97368687750477	1.4451630429078235
1.06252836265027	2.55427964843926	1.808404005544765
1.16605786417293	3.09752081648947	2.1317893403312
1.22310031835939	3.59546648702683	2.4092834026931103
1.23138162256911	4.04083512807208	2.6361083753205947
1.19057162733642	4.42711404919701	2.808842838266715
1.10229729838785	4.74865463754405	2.9254759679659497
0.970077854652843	5.00075495831329	2.9854164064830666
0.799184468110499	5.17972851183988	2.9894564899751894
0.596430118797041	5.28295814181424	2.9396941303056408
0.369897982791227	5.30893430633992	2.8394161445655737
0.128619181492078	5.25727715218414	2.692948166838109
-0.117787260691828	5.12874206942698	2.505477404367576
-0.35949789649118	4.92520864528229	2.282855374395555
-0.58687648561861	4.6496531786205	2.031388346500945
-0.790858161260275	4.30610515711714	1.7576234979284326
-0.963310817709764	3.89958833346844	1.4681387578793381
-1.09735931176022	3.43604726232494	1.1693439752823598
-1.18765955296836	2.92226037220373	0.8673004096176851
-1.23061155567609	2.36574084354258	0.567564643933245
-1.22450295907835	1.77462674236898	0.275061891645315
-1.1695772936447	1.15756201617695	-0.006007638733874998
-1.06802427232801	0.523570092225525	-0.2722270900512425
-0.923892493619077	-0.118078073351203	-0.52098528348514
-0.742928036700932	-0.757999566083701	-0.7504638013923165
-0.532345383404515	-1.38683672089107	-0.9595910521477924
-0.300539799584731	-1.99539396057817	-1.1479668800814506
-0.0567526423637168	-2.57477226409873	-1.3157624532312233
0.189297063615053	-3.11649929823518	-1.4636011173100634
0.427800093028885	-3.6126533097592	-1.5924266083651575
0.649248082734917	-4.05597896638208	-1.7033654418235815
0.844812600203138	-4.43999345253406	-1.7975904261654612
1.00669710526156	-4.75908126851935	-1.8761920816288948
1.12844777354964	-5.00857634678541	-1.940064286617885
1.20521079012915	-5.18483028450728	-1.989809747189065
1.2339258557688	-5.28526569471306	-2.02566991947213
1.21344819141716	-5.30841389578841	-2.047482852185625
1.14459417693092	-5.25393638822151	-2.054671105645295
1.03010880458622	-5.12262980453064	-2.04626049997221
0.874556244899004	-4.91641425999104	-2.020929007546018
0.684137887549488	-4.63830527450983	-1.977083693480171
0.466445111545292	-4.2923696762396	-1.9129622823471542
0.230156640896484	-3.88366613175925	-1.826754745431383
-0.0153074487236202	-3.41817117245583	-1.716739310589725
-0.260161278668527	-2.90269179883751	-1.5814265387530184
-0.494643299419311	-2.34476594077426	-1.4197046200967856
-0.709405452759474	-1.75255222925302	-1.230978841006247
-0.895885849356448	-1.13471069153008	-1.015298270443264
-1.04665010427088	-0.500276114292224	-0.773463109281552
-1.15568772242342	0.141474073342769	-0.5071068245403255
-1.21865171806644	0.781155465022259	-0.21874812652209052
-1.23303191538804	1.40941390669783	0.08819099565489497
-1.19825502130034	2.01706228378049	0.40940363124007495
-1.11570748082576	2.59521486565437	0.7397536924143049
-0.98868020390922	3.13541724300755	1.073368519549165
-0.822237367223629	3.62976995788987	1.4037662953331207
-0.623014521426863	4.07104401863543	1.7240147486042834
-0.398954052696848	4.4527866104593	2.0269162788812256
-0.158988544858093	4.76941545590712	2.3052134555245134
0.087315334546754	5.01630044531009	2.5518078899284222
0.330138227102694	5.18983134355253	2.759984785327612
0.559799550355503	5.28747058306494	2.9236350667102218
0.767143432085242	5.30779037104379	3.037466901564516
0.94390372603886	5.25049356827342	3.09719864715614
1.08303355709574	5.11641803423606	3.0997257956658997
1.17898625794124	4.90752437497062	3.04325531645593
1.22793649718892	4.62686727284543	2.927401885017175
1.22793278327136	4.27855081749364	2.7532418003825
1.17897526425074	3.86766849111331	2.523321877682025
1.08301572191605	3.40022868573649	2.24162220382627
0.943879760402308	2.88306684163819	1.9134733010202492
0.767114291426132	2.32374549169899	1.545429891562561
0.559766396419953	1.73044367338671	1.1451050349033314
0.330102381633492	1.11183732550128	0.720969853567386
0.0872782265896391	0.476972418660025	0.28212532262483203
-0.159025435925971	-0.164867325247089	-0.16194638058653
-0.398989256145029	-0.804296190273033	-0.601642723209031
-0.623046633804959	-1.43196371510308	-1.0275051744540193
-0.822265108312462	-2.03869142621177	-1.430478267262116
-0.98870246775912	-2.6156070560151	-1.8021547618871099
-1.11572337984728	-3.15427428333167	-2.134998831589475
-1.19826392164968	-3.64681609893353	-2.422540010291605
-1.23303346223636	-4.08602999219826	-2.6595317272173102
-1.21864584974577	-4.46549327446988	-2.842069562107825
-1.15567467288518	-4.77965699896904	-2.96766583592711
-1.04663039375899	-5.02392710384932	-3.035278748804155
-0.895860263666812	-5.19473159183175	-3.045295927749281
-0.7093750119128	-5.28957276404066	-2.99947388797673
-0.494609216996094	-5.3070637442178	-2.9008364806069467
-0.260124913427426	-5.24694875921552	-2.7535368363214734
-0.0152702504320416	-5.11010687920477	-2.562688564818406
0.230193189260041	-4.89853916290406	-2.3341729868220096
0.466479552912907	-4.61533939580682	-2.0744299214469564
0.684168848852521	-4.26464884930589	-1.7902400002266843
0.874582491808007	-3.85159572227969	-1.4885066152358415
1.03012929071976	-3.38222015069387	-1.176045429987055
1.1446080855715	-2.86338588181419	-0.8593888981213451
1.21345496807117	-2.30267990463233	-0.54461246828058
1.23392523027243	-1.70830150422147	-0.23718813697452001
1.20520278741897	-1.08894236239843	0.05813021251026995
1.12843271266844	-0.453659457995623	0.33738662733640845
1.00667558663915	0.188257374657868	0.5974664806485089
0.844785481719093	0.827421292334827	0.83610338702696
0.649216445517617	1.45448570808453	1.0518510768010736
0.427765198354346	2.0602809677328	1.2440230830435728
0.189260302623833	2.63594843906954	1.4126043708466864
-0.0567898041269047	3.17307005291592	1.5581401243945077
-0.300575880597658	3.66379140177451	1.6816077605884259
-0.532378945231058	4.10093659597314	1.784278825371041
-0.742957741336975	4.47811319774303	1.8675777282030277
-0.923917156834521	4.78980569876659	1.9329442709660345
-1.06804291087828	5.03145617425777	1.9817066316897451
-1.16958916446962	5.19953093415916	2.01497088484477
-1.22450758892559	5.29157219680606	2.033532303940235
-1.23060875996825	5.30623402942495	2.03781263472835
-1.18764944316149	5.24330202990456	2.0278262933715347
-1.09734229090041	5.1036964620289	2.003177085564245
-0.963287564364991	4.88945879832624	1.9630856169806246
-0.790829602468011	4.6037218673192	1.9064461324255944
-0.586843759927781	4.25066404171766	1.8319101408949394
-0.359462308571807	3.83544813746664	1.7379929144474164
-0.117750229321952	3.36414591713768	1.623197843907864
0.128656179988599	2.84364930166168	1.4861527408251396
0.369933473401092	2.28156958876612	1.325751531083606
0.596462686621633	1.68612615186165	1.1412944192416414
0.799212814773423	1.06602624694846	0.9326195308609415
0.970100850062103	0.430337685145382	0.7002192676037425
1.10231402578904	-0.211643767231093	0.4453351292789735
1.19058141986085	-0.85053032201044	0.170025548925205
1.23138408981973	-1.47697944815964	-0.1227976791699551
1.2230953619747	-2.08183048897401	-0.4293675634996549
1.16604568174835	-2.65623861969294	-0.7450964689722951
1.06250943986063	-3.1918041866584	-1.064647373398885
0.916614299548072	-3.68069553667313	-1.382040618562529
0.734176639656247	-4.11576354040402	-1.6907934503738864
0.522469673969693	-4.49064613514086	-1.9840882305855836
0.289933491130333	-4.7998613581646	-2.2549639335171334
0.0458385749376793	-5.03888751028567	-2.496524467673995
-0.200083780585786	-5.20422927730919	-2.7021565289474876
-0.438029427178143	-5.29346884252278	-2.8657491348504616
-0.658512222790701	-5.30530124278216	-2.98190673278643
-0.852742214136108	-5.23955345117702	-3.046147832656564
-1.01297606438755	-5.09718690722869	-3.0550814858081203
-1.1328257555827	-4.88028345762016	-3.00655460660143
-1.20751325874115	-4.59201491304921	-2.89976408589518
-1.23406101880203	-4.23659666637912	-2.735328842590575
-1.21141066034802	-3.81922605033552	-2.51531835534177
-1.14046518169333	-3.34600633615412	-2.243235758923725
-1.02405295519052	-2.82385748455715	-1.923955219873835
-0.866814968950246	-2.26041495416157	-1.563614961555908
-0.675019805290747	-1.66391804705624	-1.1694689261734936
-0.456313732142451	-1.04308942428943	-0.7497015782159405
-0.219415870474919	-0.407007553127366	-0.3132117118011425
0.0262294095416638	0.235026048693784	0.13062772911772388
0.270829005771474	0.873622830414278	0.572225918092876
0.504631504191526	1.49944449839491	1.002038001293218
0.718315936996291	2.10333957134316	1.4108277541697256
0.903363380170005	2.67647720375522	1.7899202919626125
1.05239657610436	3.21047632065499	2.131436448379675
1.15947404157885	3.69752817527213	2.4285011084254897
1.22032693594753	4.13051053748253	2.67541873671503
1.23252924634431	4.5030918432153	2.867810544779805
1.1955945051603	4.80982378183519	3.002709143497745
1.11099518397218	5.04622096758183	3.0786080757770047
0.982103990747136	5.20882653001801	3.095465260382573
0.814059410619373	5.29526266434912	3.0546610374842462
0.613560850703211	5.30426540240852	2.9589131265558652
0.38860155587277	5.23570309584787	2.8121523258603203
0.148149943312771	5.09057834125012	2.6193641422814458
-0.0982079399728923	4.87101331901389	2.386402689520499
-0.340650582604913	4.58021876040065	2.1197840888978687
-0.569512561493585	4.22244699654445	1.8264672175254326
-0.775669871756291	3.80292977599525	1.5136299521194796
-0.950903671999927	3.32780176009854	1.1884490440493065
-1.08822794359096	2.80401081495035	0.8578914356796951
-1.18216800117289	2.23921641174029	0.5285242052837001
-1.22897875109492	1.64167762119016	0.20634943504762004
-1.22679399647751	1.02013233996158	-0.10333082825796502
-1.17570083659285	0.383669515121411	-0.39601566073571953
-1.07773619449179	-0.258403764852817	-0.6680699796723035
